# The following table is formatted as tab separated values. 
#GeneName	GeneId	TranscriptId	BioType	variants_impact_HIGH	variants_impact_LOW	variants_impact_MODERATE	variants_impact_MODIFIER	variants_effect_3_prime_UTR_variant	variants_effect_5_prime_UTR_premature_start_codon_gain_variant	variants_effect_5_prime_UTR_variant	variants_effect_disruptive_inframe_deletion	variants_effect_downstream_gene_variant	variants_effect_frameshift_variant	variants_effect_intron_variant	variants_effect_missense_variant	variants_effect_non_coding_transcript_exon_variant	variants_effect_splice_acceptor_variant	variants_effect_splice_donor_variant	variants_effect_splice_region_variant	variants_effect_stop_gained	variants_effect_stop_lost	variants_effect_synonymous_variant	variants_effect_upstream_gene_variant
1700015E13Rik	1700015E13Rik	NM_001039593.1		0	0	1	0	0	0	0	0	0	0	0	1	0	0	0	0	0	0	0	0
1700016C15Rik	1700016C15Rik	NM_027077.2		0	0	0	1	0	0	1	0	0	0	0	0	0	0	0	0	0	0	0	0
1700019A02Rik	1700019A02Rik	NM_027070.1		0	0	0	1	0	0	0	0	0	0	1	0	0	0	0	0	0	0	0	0
1700019D03Rik	1700019D03Rik	NM_144953.2		0	2	0	0	0	0	0	0	0	0	1	0	0	0	0	1	0	0	1	0
1700034P13Rik	1700034P13Rik	NR_040462.1		0	0	0	1	0	0	0	0	0	0	0	0	0	0	0	0	0	0	0	1
1700067G17Rik	1700067G17Rik	NR_040471.1		0	0	0	1	0	0	0	0	0	0	1	0	0	0	0	0	0	0	0	0
2310007B03Rik	2310007B03Rik	NM_001159940.1		0	0	1	0	0	0	0	0	0	0	0	1	0	0	0	0	0	0	0	0
2310007B03Rik	2310007B03Rik	NM_172411.4		0	0	1	0	0	0	0	0	0	0	0	1	0	0	0	0	0	0	0	0
2310030A07Rik	2310030A07Rik	NR_040603.1		0	0	0	1	0	0	0	0	0	0	1	0	0	0	0	0	0	0	0	0
2310035C23Rik	2310035C23Rik	NM_029349.1		0	0	0	2	0	0	0	0	0	0	2	0	0	0	0	0	0	0	0	0
2310035C23Rik	2310035C23Rik	NM_173187.3		0	0	0	2	0	0	0	0	0	0	2	0	0	0	0	0	0	0	0	0
2810459M11Rik	2810459M11Rik	NM_001144992.1		0	0	0	1	0	0	0	0	0	0	1	0	0	0	0	0	0	0	0	0
2810459M11Rik	2810459M11Rik	NM_001144993.1		0	0	0	1	0	0	0	0	0	0	1	0	0	0	0	0	0	0	0	0
3110009E18Rik	3110009E18Rik	NM_001172074.1		0	0	1	1	0	0	0	0	1	0	0	1	0	0	0	0	0	0	0	0
3110009E18Rik	3110009E18Rik	NM_028439.2		0	0	0	2	1	0	0	0	1	0	0	0	0	0	0	0	0	0	0	0
3110079O15Rik	3110079O15Rik	NM_028473.1		0	0	0	1	0	0	0	0	1	0	0	0	0	0	0	0	0	0	0	0
3830432H09Rik	3830432H09Rik	NR_126486.1		0	0	0	1	0	0	0	0	1	0	0	0	0	0	0	0	0	0	0	0
4930532M18Rik	4930532M18Rik	NR_108050.1		0	0	0	1	0	0	0	0	0	0	1	0	0	0	0	0	0	0	0	0
4930558K02Rik	4930558K02Rik	NM_001204904.1		0	0	0	2	0	0	0	0	0	0	2	0	0	0	0	0	0	0	0	0
4930558K02Rik	4930558K02Rik	NM_001204905.1		0	0	0	2	0	0	0	0	0	0	0	0	0	0	0	0	0	0	0	2
4931408C20Rik	4931408C20Rik	NM_001033764.3		0	0	4	3	1	0	0	0	0	0	1	4	0	0	0	0	0	0	0	1
4931428L18Rik	4931428L18Rik	NR_033445.1		0	0	0	5	0	0	0	0	0	0	1	0	1	0	0	0	0	0	0	3
4933406M09Rik	4933406M09Rik	NM_173771.4		0	1	0	1	0	1	1	0	0	0	0	0	0	0	0	0	0	0	0	0
4933415F23Rik	4933415F23Rik	NM_025746.2		0	1	0	0	0	0	0	0	0	0	0	0	0	0	0	0	0	0	1	0
6430706D22Rik	6430706D22Rik	NR_040291.1		0	0	0	17	0	0	0	0	4	0	2	0	9	0	0	0	0	0	0	2
9230116N13Rik	9230116N13Rik	NR_024328.1		0	0	0	1	0	0	0	0	0	0	0	0	0	0	0	0	0	0	0	1
9630028B13Rik	9630028B13Rik	NR_038006.1		0	0	0	2	0	0	0	0	2	0	0	0	0	0	0	0	0	0	0	0
A330023F24Rik	A330023F24Rik	NR_015566.2		0	0	0	1	0	0	0	0	0	0	0	0	1	0	0	0	0	0	0	0
A530032D15Rik	A530032D15Rik	NM_213615.2		0	0	1	11	0	0	0	0	1	0	9	1	0	0	0	0	0	0	0	1
A630095N17Rik	A630095N17Rik	NM_001243090.1		0	0	0	1	0	0	0	0	1	0	0	0	0	0	0	0	0	0	0	0
A630095N17Rik	A630095N17Rik	NM_001243091.1		0	0	0	1	0	0	0	0	1	0	0	0	0	0	0	0	0	0	0	0
A730008H23Rik	A730008H23Rik	NM_172505.4		0	0	3	18	3	0	0	0	5	0	5	3	0	0	0	0	0	0	0	5
A830018L16Rik	A830018L16Rik	NM_001160369.2		0	1	0	0	0	0	0	0	0	0	0	0	0	0	0	0	0	0	1	0
A830018L16Rik	A830018L16Rik	NM_001160370.2		0	1	0	0	0	0	0	0	0	0	0	0	0	0	0	0	0	0	1	0
A830018L16Rik	A830018L16Rik	NM_001160371.2		0	1	0	0	0	0	0	0	0	0	0	0	0	0	0	0	0	0	1	0
A830018L16Rik	A830018L16Rik	NM_001310451.1		0	1	0	0	0	0	0	0	0	0	0	0	0	0	0	0	0	0	1	0
A830018L16Rik	A830018L16Rik	NM_177173.6		0	1	0	0	0	0	0	0	0	0	0	0	0	0	0	0	0	0	1	0
AI607873	AI607873	NM_001204910.1		0	0	0	1	0	0	1	0	0	0	0	0	0	0	0	0	0	0	0	0
Aamp	Aamp	NM_001190444.1		0	0	1	0	0	0	0	0	0	0	0	1	0	0	0	0	0	0	0	0
Aamp	Aamp	NM_146110.3		0	0	1	0	0	0	0	0	0	0	0	1	0	0	0	0	0	0	0	0
Abca12	Abca12	NM_175210.3		0	0	1	4	0	0	0	0	0	0	4	1	0	0	0	0	0	0	0	0
Abi2	Abi2	NM_001198570.1		0	0	1	1	0	0	0	0	0	0	1	1	0	0	0	0	0	0	0	0
Abi2	Abi2	NM_001198571.1		0	0	1	1	0	0	0	0	0	0	1	1	0	0	0	0	0	0	0	0
Abi2	Abi2	NM_198127.2		0	0	1	1	0	0	0	0	0	0	1	1	0	0	0	0	0	0	0	0
Acadl	Acadl	NM_007381.4		0	0	0	2	0	0	0	0	0	0	2	0	0	0	0	0	0	0	0	0
Acsl3	Acsl3	NM_001033606.2		0	0	1	1	0	0	0	0	0	0	1	1	0	0	0	0	0	0	0	0
Acsl3	Acsl3	NM_001136222.1		0	0	0	2	0	0	0	0	0	0	2	0	0	0	0	0	0	0	0	0
Acsl3	Acsl3	NM_028817.3		0	0	1	1	0	0	0	0	0	0	1	1	0	0	0	0	0	0	0	0
Adcy10	Adcy10	NM_173029.3		0	0	0	2	0	0	0	0	0	0	2	0	0	0	0	0	0	0	0	0
Adgrb3	Adgrb3	NM_175642.4		1	0	0	3	0	0	0	0	0	1	3	0	0	0	0	0	0	0	0	0
Adhfe1	Adhfe1	NM_175236.4		0	0	0	1	0	0	0	0	0	0	0	0	0	0	0	0	0	0	0	1
Adhfe1	Adhfe1	NR_027664.1		0	0	0	1	0	0	0	0	0	0	0	0	0	0	0	0	0	0	0	1
Adipor1	Adipor1	NM_001306069.1		0	0	1	0	0	0	0	0	0	0	0	1	0	0	0	1	0	0	0	0
Adipor1	Adipor1	NM_028320.4		0	0	1	0	0	0	0	0	0	0	0	1	0	0	0	1	0	0	0	0
Adora1	Adora1	NM_001008533.3		0	0	0	1	0	0	0	0	1	0	0	0	0	0	0	0	0	0	0	0
Adora1	Adora1	NM_001039510.2		0	0	0	1	0	0	0	0	1	0	0	0	0	0	0	0	0	0	0	0
Adora1	Adora1	NM_001282945.1		0	0	0	1	0	0	0	0	1	0	0	0	0	0	0	0	0	0	0	0
Adora1	Adora1	NM_001291928.1		0	0	0	1	0	0	0	0	1	0	0	0	0	0	0	0	0	0	0	0
Adora1	Adora1	NM_001291930.1		0	0	0	1	0	0	0	0	1	0	0	0	0	0	0	0	0	0	0	0
Adss	Adss	NM_007422.3		0	0	2	0	0	0	0	0	0	0	0	2	0	0	0	0	0	0	0	0
Aff3	Aff3	NM_001290814.1		0	1	1	0	0	0	0	0	0	0	1	1	0	0	0	2	0	0	0	0
Agap1	Agap1	NM_001037136.1		0	0	1	1	0	0	0	0	0	0	1	1	0	0	0	0	0	0	0	0
Agap1	Agap1	NM_178119.3		0	0	1	1	0	0	0	0	0	0	1	1	0	0	0	0	0	0	0	0
Agxt	Agxt	NM_001276710.1		0	0	0	2	0	0	0	0	0	0	2	0	0	0	0	0	0	0	0	0
Agxt	Agxt	NM_016702.3		0	0	0	2	0	0	0	0	0	0	2	0	0	0	0	0	0	0	0	0
Ahctf1	Ahctf1	NM_026375.2		0	0	0	1	0	0	0	0	0	0	1	0	0	0	0	0	0	0	0	0
Akp3	Akp3	NM_007432.2		0	2	0	0	0	0	0	0	0	0	0	0	0	0	0	0	0	0	2	0
Akr1cl	Akr1cl	NM_001310617.1		0	0	0	2	0	0	0	0	0	0	2	0	0	0	0	0	0	0	0	0
Akr1cl	Akr1cl	NM_027582.4		0	0	0	2	0	0	0	0	0	0	2	0	0	0	0	0	0	0	0	0
Alpi	Alpi	NM_001081082.2		0	0	0	1	0	0	0	0	0	0	1	0	0	0	0	0	0	0	0	0
Als2	Als2	NM_001159948.2		0	0	1	0	0	0	0	0	0	0	0	1	0	0	0	0	0	0	0	0
Als2	Als2	NM_028717.6		0	0	1	0	0	0	0	0	0	0	0	1	0	0	0	0	0	0	0	0
Als2	Als2	NM_146109.3		0	0	1	0	0	0	0	0	0	0	0	1	0	0	0	0	0	0	0	0
Als2cr12	Als2cr12	NM_175370.5		0	0	0	1	0	0	0	0	0	0	1	0	0	0	0	0	0	0	0	0
Angel2	Angel2	NM_001199020.1		0	0	0	1	0	0	0	0	0	0	1	0	0	0	0	0	0	0	0	0
Angel2	Angel2	NM_021421.4		0	0	0	1	0	0	0	0	0	0	1	0	0	0	0	0	0	0	0	0
Angel2	Angel2	NR_037578.1		0	0	0	1	0	0	0	0	0	0	1	0	0	0	0	0	0	0	0	0
Angel2	Angel2	NR_037579.1		0	0	0	1	0	0	0	0	0	0	1	0	0	0	0	0	0	0	0	0
Ankar	Ankar	NM_176980.4		0	0	2	1	0	0	0	0	0	0	1	2	0	0	0	0	0	0	0	0
Ankrd44	Ankrd44	NM_001081433.3		0	1	0	0	0	0	0	0	0	0	0	0	0	0	0	0	0	0	1	0
Ankzf1	Ankzf1	NM_001267620.1		0	0	0	1	0	0	0	0	1	0	0	0	0	0	0	0	0	0	0	0
Ankzf1	Ankzf1	NM_026187.5		0	0	0	1	0	0	0	0	1	0	0	0	0	0	0	0	0	0	0	0
Ankzf1	Ankzf1	NR_051998.1		0	0	0	1	0	0	0	0	1	0	0	0	0	0	0	0	0	0	0	0
Ankzf1	Ankzf1	NR_051999.1		0	0	0	1	0	0	0	0	1	0	0	0	0	0	0	0	0	0	0	0
Ano7	Ano7	NM_001271884.1		0	0	1	0	0	0	0	0	0	0	0	1	0	0	0	0	0	0	0	0
Ano7	Ano7	NM_207031.2		0	0	1	0	0	0	0	0	0	0	0	1	0	0	0	0	0	0	0	0
Aox1	Aox1	NM_009676.2		0	0	0	4	0	0	0	0	0	0	4	0	0	0	0	0	0	0	0	0
Aox2	Aox2	NM_001008419.2		0	0	0	2	0	0	0	0	0	0	2	0	0	0	0	0	0	0	0	0
Aox3	Aox3	NM_023617.2		0	0	0	3	0	0	0	0	0	0	3	0	0	0	0	0	0	0	0	0
Aox4	Aox4	NM_023631.2		1	1	2	4	0	0	1	0	0	1	3	2	0	0	0	0	0	0	1	0
Arfgef1	Arfgef1	NM_001102430.1		0	0	1	2	0	0	0	0	1	0	1	1	0	0	0	0	0	0	0	0
Arhgef4	Arhgef4	NM_183019.2		0	0	1	0	0	0	0	0	0	0	0	1	0	0	0	0	0	0	0	0
Arl4c	Arl4c	NM_177305.4		0	0	1	0	0	0	0	0	0	0	0	1	0	0	0	0	0	0	0	0
Armc9	Armc9	NM_001310702.1		0	0	0	2	0	0	0	0	0	0	2	0	0	0	0	0	0	0	0	0
Armc9	Armc9	NM_027456.2		0	0	0	2	0	0	0	0	0	0	2	0	0	0	0	0	0	0	0	0
Armc9	Armc9	NM_030184.2		0	0	0	2	0	0	0	0	0	0	2	0	0	0	0	0	0	0	0	0
Arpc5	Arpc5	NM_026369.2		0	0	0	1	0	0	0	0	0	0	1	0	0	0	0	0	0	0	0	0
Asb1	Asb1	NM_001039126.2		0	0	0	1	0	0	0	0	0	0	1	0	0	0	0	0	0	0	0	0
Asb1	Asb1	NM_023046.4		1	0	0	0	0	0	0	0	0	0	1	0	0	0	1	0	0	0	0	0
Asic4	Asic4	NM_183022.3		0	0	1	0	0	0	0	0	0	0	0	1	0	0	0	0	0	0	0	0
Aspm	Aspm	NM_009791.4		0	0	1	0	0	0	0	0	0	0	0	1	0	0	0	0	0	0	0	0
Astn1	Astn1	NM_001205204.1		0	0	3	4	0	0	0	0	0	0	4	3	0	0	0	0	0	0	0	0
Astn1	Astn1	NM_007495.4		0	0	3	4	0	0	0	0	0	0	4	3	0	0	0	0	0	0	0	0
Atg9a	Atg9a	NM_001003917.4		0	0	1	0	0	0	0	0	0	0	0	1	0	0	0	0	0	0	0	0
Atg9a	Atg9a	NM_001288612.1		0	0	1	0	0	0	0	0	0	0	0	1	0	0	0	0	0	0	0	0
Atg9a	Atg9a	NM_001288613.1		0	0	0	1	0	0	1	0	0	0	0	0	0	0	0	0	0	0	0	0
Atg9a	Atg9a	NR_109938.1		0	0	0	1	0	0	0	0	0	0	0	0	1	0	0	0	0	0	0	0
Atic	Atic	NM_026195.3		0	0	0	2	1	0	0	0	0	0	1	0	0	0	0	0	0	0	0	0
Atp1a2	Atp1a2	NM_178405.3		0	0	0	1	0	0	0	0	0	0	1	0	0	0	0	0	0	0	0	0
Atp1a4	Atp1a4	NM_013734.1		0	1	0	0	0	0	0	0	0	0	0	0	0	0	0	0	0	0	1	0
Atp6v1h	Atp6v1h	NM_001310442.1		0	1	1	1	0	0	0	0	0	0	1	1	0	0	0	0	0	0	1	0
Atp6v1h	Atp6v1h	NM_133826.5		0	1	1	1	0	0	0	0	0	0	1	1	0	0	0	0	0	0	1	0
B3galt2	B3galt2	NM_020025.4		0	0	0	1	1	0	0	0	0	0	0	0	0	0	0	0	0	0	0	0
BC003331	BC003331	NM_001077237.1		0	0	1	1	0	0	0	0	0	0	1	1	0	0	0	1	0	0	0	0
BC003331	BC003331	NM_145511.2		0	0	1	1	0	0	0	0	0	0	1	1	0	0	0	1	0	0	0	0
BC026585	BC026585	NM_001033284.1		0	0	0	1	0	0	0	0	0	0	1	0	0	0	0	0	0	0	0	0
BC055324	BC055324	NM_201364.1		0	0	1	2	0	0	0	0	0	0	1	1	0	0	0	1	0	0	0	1
Bard1	Bard1	NM_007525.3		0	0	0	2	0	0	0	0	0	0	2	0	0	0	0	0	0	0	0	0
Bcl2	Bcl2	NM_009741.5		0	0	0	1	1	0	0	0	0	0	0	0	0	0	0	0	0	0	0	0
Bcs1l	Bcs1l	NM_001305652.1		0	0	1	0	0	0	0	0	0	0	0	1	0	0	0	0	0	0	0	0
Bcs1l	Bcs1l	NM_025784.5		0	0	1	0	0	0	0	0	0	0	0	1	0	0	0	0	0	0	0	0
Bend6	Bend6	NM_001310484.1		0	1	0	0	0	0	0	0	0	0	1	0	0	0	0	1	0	0	0	0
Bend6	Bend6	NM_177235.3		0	1	0	0	0	0	0	0	0	0	1	0	0	0	0	1	0	0	0	0
Bivm	Bivm	NM_144558.4		0	0	1	1	0	0	0	0	0	0	0	1	0	0	0	0	0	0	0	1
Blzf1	Blzf1	NM_001160208.1		0	0	1	0	0	0	0	0	0	0	0	1	0	0	0	0	0	0	0	0
Blzf1	Blzf1	NM_001160209.1		0	0	1	0	0	0	0	0	0	0	0	1	0	0	0	0	0	0	0	0
Blzf1	Blzf1	NM_025505.4		0	0	1	0	0	0	0	0	0	0	0	1	0	0	0	0	0	0	0	0
Bmpr2	Bmpr2	NM_007561.4		0	0	0	1	0	0	0	0	0	0	1	0	0	0	0	0	0	0	0	0
Boll	Boll	NM_001113367.1		0	0	0	1	0	0	0	0	0	0	1	0	0	0	0	0	0	0	0	0
Boll	Boll	NM_029267.3		0	0	0	1	0	0	0	0	0	0	1	0	0	0	0	0	0	0	0	0
Bpnt1	Bpnt1	NM_011794.3		0	0	0	1	0	0	0	0	0	0	1	0	0	0	0	0	0	0	0	0
Brinp2	Brinp2	NM_207583.2		0	1	0	0	0	0	0	0	0	0	0	0	0	0	0	0	0	0	1	0
Brinp3	Brinp3	NM_001145807.1		0	0	1	2	0	0	0	0	0	0	2	1	0	0	0	0	0	0	0	0
Brinp3	Brinp3	NM_153539.3		0	0	1	2	0	0	0	0	0	0	2	1	0	0	0	0	0	0	0	0
C130026I21Rik	C130026I21Rik	NM_001037909.3		1	1	1	15	2	0	0	0	1	1	12	1	0	0	0	0	0	0	1	0
C130026I21Rik	C130026I21Rik	NM_175219.3		2	1	1	14	2	0	0	0	1	1	12	1	0	0	1	0	0	0	1	0
C130074G19Rik	C130074G19Rik	NM_178692.3		0	0	0	1	1	0	0	0	0	0	0	0	0	0	0	0	0	0	0	0
C1ql2	C1ql2	NM_207233.1		0	0	1	0	0	0	0	0	0	0	0	1	0	0	0	0	0	0	0	0
C4bp-ps1	C4bp-ps1	NR_028304.1		0	0	0	1	0	0	0	0	0	0	0	0	1	0	0	0	0	0	0	0
Cab39	Cab39	NM_133781.4		0	0	0	1	0	0	0	0	0	0	1	0	0	0	0	0	0	0	0	0
Cacna1e	Cacna1e	NM_009782.3		0	0	1	7	0	0	0	0	0	0	7	1	0	0	0	0	0	0	0	0
Cacna1s	Cacna1s	NM_001081023.1		0	1	1	2	0	0	0	0	0	0	2	1	0	0	0	0	0	0	1	0
Cacna1s	Cacna1s	NM_014193.2		0	0	1	3	0	0	0	0	0	0	3	1	0	0	0	0	0	0	0	0
Cacybp	Cacybp	NM_009786.2		0	0	0	1	0	0	0	0	0	0	1	0	0	0	0	0	0	0	0	0
Cadm3	Cadm3	NM_053199.3		0	0	1	0	0	0	0	0	0	0	0	1	0	0	0	0	0	0	0	0
Carf	Carf	NM_001285463.1		0	0	1	1	0	0	0	0	0	0	1	1	0	0	0	0	0	0	0	0
Carf	Carf	NM_001285473.1		0	0	1	1	0	0	0	0	0	0	1	1	0	0	0	0	0	0	0	0
Carf	Carf	NM_139150.5		0	0	1	1	0	0	0	0	0	0	1	1	0	0	0	0	0	0	0	0
Carf	Carf	NR_104344.1		0	0	0	2	0	0	0	0	0	0	1	0	1	0	0	0	0	0	0	0
Casp8	Casp8	NM_001080126.1		0	0	0	1	0	0	0	0	0	0	1	0	0	0	0	0	0	0	0	0
Casp8	Casp8	NM_001277926.1		0	0	0	1	0	0	0	0	0	0	1	0	0	0	0	0	0	0	0	0
Casp8	Casp8	NM_009812.2		0	0	0	1	0	0	0	0	0	0	1	0	0	0	0	0	0	0	0	0
Catip	Catip	NM_001033345.2		0	0	1	0	0	0	0	0	0	0	0	1	0	0	0	0	0	0	0	0
Ccdc121	Ccdc121	NM_207280.3		0	1	0	0	0	0	0	0	0	0	0	0	0	0	0	0	0	0	1	0
Ccdc150	Ccdc150	NM_030025.2		0	0	0	2	0	0	0	0	0	0	2	0	0	0	0	0	0	0	0	0
Ccdc185	Ccdc185	NM_001033547.2		0	0	1	0	0	0	0	0	0	0	0	1	0	0	0	0	0	0	0	0
Ccdc93	Ccdc93	NM_001025156.2		0	0	1	0	0	0	0	0	0	0	0	1	0	0	0	1	0	0	0	0
Ccdc93	Ccdc93	NM_029955.3		0	0	1	0	0	0	0	0	0	0	0	1	0	0	0	1	0	0	0	0
Cd244	Cd244	NM_018729.2		0	0	0	2	0	0	0	0	1	0	1	0	0	0	0	0	0	0	0	0
Cd247	Cd247	NM_001113391.2		0	0	0	1	0	0	0	0	0	0	1	0	0	0	0	0	0	0	0	0
Cd247	Cd247	NM_001113392.2		0	0	0	1	0	0	0	0	0	0	1	0	0	0	0	0	0	0	0	0
Cd247	Cd247	NM_001113393.2		0	0	0	1	0	0	0	0	0	0	1	0	0	0	0	0	0	0	0	0
Cd247	Cd247	NM_031162.4		0	0	0	1	0	0	0	0	0	0	1	0	0	0	0	0	0	0	0	0
Cd247	Cd247	NR_103716.1		0	0	0	1	0	0	0	0	0	0	1	0	0	0	0	0	0	0	0	0
Cd46	Cd46	NM_010778.4		0	0	0	2	0	0	0	0	1	0	1	0	0	0	0	0	0	0	0	0
Cd46	Cd46	NR_132621.1		0	0	0	2	0	0	0	0	1	0	1	0	0	0	0	0	0	0	0	0
Cd48	Cd48	NM_007649.4		0	0	0	2	0	0	0	0	0	0	1	0	0	0	0	0	0	0	0	1
Cd55	Cd55	NM_010016.3		0	0	0	1	0	0	0	0	0	0	1	0	0	0	0	0	0	0	0	0
Cd55b	Cd55b	NM_001317361.1		0	0	0	2	0	0	0	0	0	0	2	0	0	0	0	0	0	0	0	0
Cd55b	Cd55b	NM_007827.3		0	0	1	1	0	0	0	0	0	0	1	1	0	0	0	0	0	0	0	0
Cdc42bpa	Cdc42bpa	NM_001033285.1		0	0	3	6	0	0	0	0	0	0	6	3	0	0	0	0	0	0	0	0
Cdc73	Cdc73	NM_145991.2		0	0	0	2	0	0	0	0	0	0	2	0	0	0	0	0	0	0	0	0
Cdh19	Cdh19	NM_001081386.1		0	0	0	3	0	0	0	0	0	0	3	0	0	0	0	0	0	0	0	0
Cdh20	Cdh20	NM_011800.4		0	0	1	0	0	0	0	0	0	0	0	1	0	0	0	0	0	0	0	0
Cdh7	Cdh7	NM_001316743.1		0	0	3	0	0	0	0	0	0	0	0	3	0	0	0	0	0	0	0	0
Cdh7	Cdh7	NM_001316744.1		0	0	2	1	0	0	1	0	0	0	0	2	0	0	0	0	0	0	0	0
Cdh7	Cdh7	NM_172853.3		0	0	3	0	0	0	0	0	0	0	0	3	0	0	0	0	0	0	0	0
Cdk15	Cdk15	NM_001033373.2		0	1	0	1	0	0	0	0	0	0	1	0	0	0	0	0	0	0	1	0
Cenpf	Cenpf	NM_001081363.2		0	0	0	1	0	0	0	0	0	0	1	0	0	0	0	0	0	0	0	0
Cenpl	Cenpl	NM_001159930.2		0	0	0	1	0	0	0	0	0	0	1	0	0	0	0	0	0	0	0	0
Cenpl	Cenpl	NR_131028.1		0	0	0	1	0	0	0	0	0	0	1	0	0	0	0	0	0	0	0	0
Cenpl	Cenpl	NR_131029.1		0	0	0	1	0	0	0	0	0	0	1	0	0	0	0	0	0	0	0	0
Cenpl	Cenpl	NR_131030.1		0	0	0	1	0	0	0	0	0	0	1	0	0	0	0	0	0	0	0	0
Cep350	Cep350	NM_001039184.1		0	1	4	3	0	0	0	0	0	0	3	4	0	0	0	0	0	0	1	0
Cfap221	Cfap221	NM_001115074.1		0	0	0	3	0	0	0	0	0	0	3	0	0	0	0	0	0	0	0	0
Cfh	Cfh	NM_009888.3		0	0	0	4	0	0	0	0	0	0	4	0	0	0	0	0	0	0	0	0
Cfhr2	Cfhr2	NM_001025575.2		0	0	0	1	0	0	0	0	1	0	0	0	0	0	0	0	0	0	0	0
Chit1	Chit1	NM_001284524.1		0	0	0	2	0	0	0	0	0	0	1	0	0	0	0	0	0	0	0	1
Chit1	Chit1	NM_001284525.1		0	0	0	2	0	0	0	0	0	0	1	0	0	0	0	0	0	0	0	1
Chit1	Chit1	NM_027979.2		0	0	0	2	0	0	0	0	0	0	1	0	0	0	0	0	0	0	0	1
Chrng	Chrng	NM_009604.3		0	0	0	1	0	0	0	0	1	0	0	0	0	0	0	0	0	0	0	0
Clasp1	Clasp1	NM_001293300.1		0	0	0	2	0	0	0	0	0	0	2	0	0	0	0	0	0	0	0	0
Clasp1	Clasp1	NM_001293301.1		0	0	0	2	0	0	0	0	0	0	2	0	0	0	0	0	0	0	0	0
Clasp1	Clasp1	NM_029709.2		0	0	0	2	0	0	0	0	0	0	2	0	0	0	0	0	0	0	0	0
Clk1	Clk1	NM_001042634.2		0	0	1	1	0	0	0	0	0	0	1	1	0	0	0	0	0	0	0	0
Clk1	Clk1	NR_027853.1		0	0	0	2	0	0	0	0	0	0	1	0	1	0	0	0	0	0	0	0
Clk1	Clk1	NR_027854.1		0	0	0	2	0	0	0	0	0	0	1	0	1	0	0	0	0	0	0	0
Cnga3	Cnga3	NM_001282010.1		0	0	0	1	0	0	0	0	0	0	1	0	0	0	0	0	0	0	0	0
Cnga3	Cnga3	NM_009918.2		0	0	0	1	0	0	0	0	0	0	1	0	0	0	0	0	0	0	0	0
Cnih3	Cnih3	NM_001160211.1		0	0	1	0	0	0	0	0	0	0	0	1	0	0	0	0	0	0	0	0
Cnih3	Cnih3	NM_001160212.1		0	0	1	0	0	0	0	0	0	0	0	1	0	0	0	0	0	0	0	0
Cnih3	Cnih3	NM_028408.3		0	0	1	0	0	0	0	0	0	0	0	1	0	0	0	0	0	0	0	0
Cnnm4	Cnnm4	NM_033570.2		0	0	0	1	0	0	0	0	0	0	1	0	0	0	0	0	0	0	0	0
Cnot9	Cnot9	NM_021383.5		0	0	1	0	0	0	0	0	0	0	0	1	0	0	0	1	0	0	0	0
Cnppd1	Cnppd1	NM_026977.2		0	0	0	2	0	0	0	0	0	0	0	0	0	0	0	0	0	0	0	2
Cnst	Cnst	NM_146105.3		0	0	1	0	0	0	0	0	0	0	0	1	0	0	0	0	0	0	0	0
Cntn2	Cntn2	NM_177129.5		0	0	3	1	0	0	0	0	0	0	1	3	0	0	0	0	0	0	0	0
Cntnap5a	Cntnap5a	NM_001077425.1		0	2	1	3	0	0	0	0	0	0	5	1	0	0	0	2	0	0	0	0
Cntnap5b	Cntnap5b	NM_172851.2		0	0	1	7	0	0	0	0	0	0	7	1	0	0	0	1	0	0	0	0
Col19a1	Col19a1	NM_007733.2		0	1	0	6	0	0	0	0	0	0	6	0	0	0	0	0	0	0	1	0
Col3a1	Col3a1	NM_009930.2		0	1	0	10	0	0	0	0	0	0	10	0	0	0	0	0	0	0	1	0
Col4a3	Col4a3	NM_007734.2		0	0	1	1	0	0	0	0	0	0	1	1	0	0	0	0	0	0	0	0
Col4a4	Col4a4	NM_007735.2		0	0	0	4	1	0	0	0	0	0	3	0	0	0	0	0	0	0	0	0
Col5a2	Col5a2	NM_007737.2		0	2	1	5	0	0	0	0	0	0	6	1	0	0	0	1	0	0	1	0
Col6a3	Col6a3	NM_001243008.1		0	0	3	0	0	0	0	0	0	0	0	3	0	0	0	0	0	0	0	0
Col6a3	Col6a3	NM_001243009.1		0	0	3	0	0	0	0	0	0	0	0	3	0	0	0	0	0	0	0	0
Col9a1	Col9a1	NM_001290691.1		0	1	1	1	0	0	0	0	0	0	2	1	0	0	0	1	0	0	0	0
Col9a1	Col9a1	NM_007740.3		0	1	1	1	0	0	0	0	0	0	2	1	0	0	0	1	0	0	0	0
Colgalt2	Colgalt2	NM_177756.4		0	0	0	2	0	0	0	0	0	0	2	0	0	0	0	0	0	0	0	0
Copa	Copa	NM_009938.4		0	0	1	0	0	0	0	0	0	0	0	1	0	0	0	0	0	0	0	0
Cox5b	Cox5b	NM_009942.2		0	0	1	0	0	0	0	0	0	0	0	1	0	0	0	0	0	0	0	0
Cpa6	Cpa6	NM_001289497.1		0	1	0	3	0	1	1	0	0	0	2	0	0	0	0	0	0	0	0	0
Cpa6	Cpa6	NM_177834.4		0	1	0	3	0	1	1	0	0	0	2	0	0	0	0	0	0	0	0	0
Cps1	Cps1	NM_001080809.2		0	0	1	1	0	0	0	0	0	0	1	1	0	0	0	0	0	0	0	0
Cr2	Cr2	NM_007758.2		0	1	2	1	0	0	0	0	0	0	2	2	0	0	0	1	0	0	0	0
Crb1	Crb1	NM_133239.2		1	0	0	0	0	0	0	0	0	0	0	0	0	0	0	0	1	0	0	0
Creg1	Creg1	NM_011804.2		0	0	0	1	0	0	0	0	0	0	1	0	0	0	0	0	0	0	0	0
Crisp4	Crisp4	NM_030033.1		0	0	1	1	0	0	0	0	0	0	1	1	0	0	0	0	0	0	0	0
Crispld1	Crispld1	NM_031402.2		0	0	0	2	0	0	0	0	0	0	2	0	0	0	0	0	0	0	0	0
Crygb	Crygb	NM_144761.2		0	0	1	0	0	0	0	0	0	0	0	1	0	0	0	0	0	0	0	0
Cryge	Cryge	NM_007777.3		0	0	1	0	0	0	0	0	0	0	0	1	0	0	0	0	0	0	0	0
Cspp1	Cspp1	NM_026493.3		0	0	1	2	0	0	0	0	0	0	2	1	0	0	0	0	0	0	0	0
Csrp1	Csrp1	NM_007791.5		0	0	0	1	0	0	0	0	0	0	1	0	0	0	0	0	0	0	0	0
Ctla4	Ctla4	NM_001281976.1		0	0	1	1	0	0	0	0	0	0	1	1	0	0	0	0	0	0	0	0
Ctla4	Ctla4	NM_009843.4		0	0	1	1	0	0	0	0	0	0	1	1	0	0	0	0	0	0	0	0
Cul3	Cul3	NM_001313728.1		0	0	1	0	0	0	0	0	0	0	0	1	0	0	0	0	0	0	0	0
Cul3	Cul3	NM_016716.5		0	0	1	0	0	0	0	0	0	0	0	1	0	0	0	0	0	0	0	0
D1Pas1	D1Pas1	NM_033077.3		0	1	0	0	0	0	0	0	0	0	0	0	0	0	0	0	0	0	1	0
D2hgdh	D2hgdh	NM_001310767.1		0	0	1	1	0	0	0	0	0	0	1	1	0	0	0	0	0	0	0	0
D2hgdh	D2hgdh	NM_178882.4		0	0	1	1	0	0	0	0	0	0	1	1	0	0	0	0	0	0	0	0
D830032E09Rik	D830032E09Rik	NR_102306.1		0	0	0	1	0	0	0	0	1	0	0	0	0	0	0	0	0	0	0	0
D830032E09Rik	D830032E09Rik	NR_102307.1		0	0	0	1	0	0	0	0	1	0	0	0	0	0	0	0	0	0	0	0
Dars2	Dars2	NM_172644.4		0	0	1	3	0	0	0	0	1	0	1	1	0	0	0	0	0	0	0	1
Daw1	Daw1	NM_027725.3		0	0	0	3	0	0	0	0	1	0	1	0	0	0	0	0	0	0	0	1
Daw1	Daw1	NR_027636.1		0	0	0	3	0	0	0	0	1	0	1	0	0	0	0	0	0	0	0	1
Dbi	Dbi	NM_001037999.2		0	0	1	0	0	0	0	0	0	0	0	1	0	0	0	0	0	0	0	0
Dbi	Dbi	NM_007830.4		0	0	1	0	0	0	0	0	0	0	0	1	0	0	0	0	0	0	0	0
Dcaf6	Dcaf6	NM_028759.1		0	0	1	0	0	0	0	0	0	0	0	1	0	0	0	0	0	0	0	0
Dcaf8	Dcaf8	NM_153555.2		0	0	0	2	0	0	0	0	0	0	2	0	0	0	0	0	0	0	0	0
Ddr2	Ddr2	NM_022563.2		0	1	2	1	0	0	0	0	0	0	1	2	0	0	0	0	0	0	1	0
Ddx18	Ddx18	NM_025860.3		0	1	0	0	0	0	0	0	0	0	0	0	0	0	0	0	0	0	1	0
Ddx59	Ddx59	NM_026500.3		0	1	1	0	0	0	0	0	0	0	0	1	0	0	0	0	0	0	1	0
Dedd	Dedd	NM_001128609.1		0	0	0	1	0	0	0	0	1	0	0	0	0	0	0	0	0	0	0	0
Dedd	Dedd	NM_011615.3		0	0	0	1	0	0	0	0	1	0	0	0	0	0	0	0	0	0	0	0
Defb18	Defb18	NM_001039123.1		0	0	0	1	0	0	0	0	0	0	1	0	0	0	0	0	0	0	0	0
Defb41	Defb41	NM_001040027.2		0	0	1	1	0	0	0	0	0	0	1	1	0	0	0	0	0	0	0	0
Defb41	Defb41	NM_183124.3		0	0	2	1	0	0	0	0	0	0	1	2	0	0	0	0	0	0	0	0
Dennd1b	Dennd1b	NM_001166501.1		0	1	1	2	0	0	0	0	0	0	2	1	0	0	0	1	0	0	1	0
Dennd1b	Dennd1b	NM_181347.3		0	1	1	2	0	0	0	0	0	0	2	1	0	0	0	1	0	0	1	0
Dgkd	Dgkd	NM_177646.3		1	0	0	1	0	0	0	0	0	1	1	0	0	0	0	1	0	0	0	0
Dhx9	Dhx9	NM_007842.2		0	0	2	2	0	0	0	0	1	0	1	2	0	0	0	0	0	0	0	0
Dnah7a	Dnah7a	NM_001252070.1		1	0	2	4	0	0	0	0	0	0	5	2	0	0	1	0	0	0	0	0
Dnah7b	Dnah7b	NM_001160386.1		1	2	3	10	0	0	0	0	0	0	10	3	0	0	0	0	1	0	2	0
Dnah7c	Dnah7c	NM_001310335.1		0	1	5	12	0	0	0	0	0	0	12	5	0	0	0	0	0	0	1	0
Dnajb3	Dnajb3	NM_008299.3		0	0	0	1	0	0	0	0	1	0	0	0	0	0	0	0	0	0	0	0
Dnm3	Dnm3	NM_001038619.1		0	0	0	1	0	0	0	0	0	0	1	0	0	0	0	0	0	0	0	0
Dnm3	Dnm3	NM_172646.2		0	0	0	1	0	0	0	0	0	0	1	0	0	0	0	0	0	0	0	0
Dnpep	Dnpep	NM_001110831.1		0	0	0	1	0	0	0	0	0	0	1	0	0	0	0	0	0	0	0	0
Dnpep	Dnpep	NM_016878.4		0	0	0	1	0	0	0	0	0	0	1	0	0	0	0	0	0	0	0	0
Dock10	Dock10	NM_001285927.1		2	0	1	1	0	0	0	1	0	1	2	1	0	0	1	1	1	0	0	0
Dock10	Dock10	NM_175291.4		2	0	1	1	0	0	0	1	0	1	2	1	0	0	1	1	1	0	0	0
Dpp10	Dpp10	NM_199021.3		0	2	3	1	0	0	0	0	0	0	2	3	0	0	0	1	0	0	1	0
Dpt	Dpt	NM_019759.2		0	0	0	1	1	0	0	0	0	0	0	0	0	0	0	0	0	0	0	0
Dsel	Dsel	NM_001081316.1		0	0	3	1	0	0	1	0	0	0	0	3	0	0	0	0	0	0	0	0
Dst	Dst	NM_001276764.1		0	0	7	8	0	0	0	0	0	0	8	7	0	0	0	1	0	0	0	0
Dst	Dst	NM_010081.2		0	1	2	4	0	0	0	0	3	0	1	2	0	0	0	1	0	0	1	0
Dst	Dst	NM_133833.3		0	0	3	11	0	0	0	0	0	0	11	3	0	0	0	1	0	0	0	0
Dst	Dst	NM_134448.3		0	0	6	8	0	0	0	0	0	0	8	6	0	0	0	1	0	0	0	0
Dstyk	Dstyk	NM_172516.4		1	0	0	0	0	0	0	0	0	0	0	0	0	0	0	0	1	0	0	0
Dusp12	Dusp12	NM_023173.2		0	1	0	0	0	0	0	0	0	0	0	0	0	0	0	0	0	0	1	0
Dusp27	Dusp27	NM_001033344.3		0	0	0	1	0	0	0	0	0	0	1	0	0	0	0	0	0	0	0	0
Dusp27	Dusp27	NM_001160049.1		0	0	0	1	0	0	0	0	0	0	1	0	0	0	0	0	0	0	0	0
Ecel1	Ecel1	NM_001277925.1		0	1	0	0	0	0	0	0	0	0	0	0	0	0	0	0	0	0	1	0
Ecel1	Ecel1	NM_021306.3		0	1	0	0	0	0	0	0	0	0	0	0	0	0	0	0	0	0	1	0
Edem3	Edem3	NM_001039644.2		0	0	0	1	0	0	0	0	0	0	0	0	0	0	0	0	0	0	0	1
Edem3	Edem3	NM_001311165.1		0	0	0	1	0	0	0	0	0	0	0	0	0	0	0	0	0	0	0	1
Edem3	Edem3	NM_001311166.1		0	0	0	1	0	0	0	0	0	0	0	0	0	0	0	0	0	0	0	1
Efhc1	Efhc1	NM_027974.1		0	0	1	0	0	0	0	0	0	0	0	1	0	0	0	0	0	0	0	0
Efhd1	Efhd1	NM_028889.2		0	0	1	0	0	0	0	0	0	0	0	1	0	0	0	0	0	0	0	0
Eif4e2	Eif4e2	NM_001039169.1		0	0	0	1	0	0	1	0	0	0	0	0	0	0	0	0	0	0	0	0
Eif4e2	Eif4e2	NM_001039170.1		0	0	0	1	0	0	0	0	0	0	1	0	0	0	0	0	0	0	0	0
Eif4e2	Eif4e2	NM_023314.3		0	0	0	2	0	0	0	0	0	0	2	0	0	0	0	0	0	0	0	0
Eif5b	Eif5b	NM_198303.2		0	0	1	0	0	0	0	0	0	0	0	1	0	0	0	0	0	0	0	0
Elk4	Elk4	NM_007923.2		0	0	0	1	0	0	0	0	0	0	1	0	0	0	0	0	0	0	0	0
Enah	Enah	NM_001083120.2		0	0	1	0	0	0	0	0	0	0	0	1	0	0	0	0	0	0	0	0
Enah	Enah	NM_001083121.2		0	0	1	0	0	0	0	0	0	0	0	1	0	0	0	0	0	0	0	0
Enah	Enah	NM_008680.3		0	0	1	0	0	0	0	0	0	0	0	1	0	0	0	0	0	0	0	0
Enah	Enah	NM_010135.3		0	0	1	0	0	0	0	0	0	0	0	1	0	0	0	0	0	0	0	0
Epb41l5	Epb41l5	NM_001113416.1		0	0	0	1	0	0	0	0	0	0	1	0	0	0	0	0	0	0	0	0
Epb41l5	Epb41l5	NM_145506.4		0	0	0	1	0	0	0	0	0	0	1	0	0	0	0	0	0	0	0	0
Epha4	Epha4	NM_007936.3		0	1	2	0	0	0	0	0	0	0	0	2	0	0	0	0	0	0	1	0
Ephx1	Ephx1	NM_001312918.1		0	0	1	1	0	0	0	0	0	0	1	1	0	0	0	0	0	0	0	0
Ephx1	Ephx1	NM_010145.3		0	0	1	1	0	0	0	0	0	0	1	1	0	0	0	0	0	0	0	0
Eprs	Eprs	NM_029735.1		0	0	0	2	2	0	0	0	0	0	0	0	0	0	0	0	0	0	0	0
Erbb4	Erbb4	NM_010154.2		0	0	2	2	0	0	0	0	0	0	2	2	0	0	0	0	0	0	0	0
Ercc5	Ercc5	NM_011729.2		0	1	0	1	0	0	0	0	0	0	0	0	0	0	0	0	0	0	1	1
Espnl	Espnl	NM_001033292.3		0	0	1	0	0	0	0	0	0	0	0	1	0	0	0	0	0	0	0	0
Etnk2	Etnk2	NM_175443.5		0	0	0	2	0	0	0	0	1	0	1	0	0	0	0	0	0	0	0	0
Exo1	Exo1	NM_012012.4		0	0	1	2	0	0	0	0	0	0	2	1	0	0	0	0	0	0	0	0
Eya1	Eya1	NM_001252192.1		0	1	0	2	0	0	0	0	0	0	2	0	0	0	0	0	0	0	1	0
Eya1	Eya1	NM_001310459.1		0	1	0	2	0	0	0	0	0	0	2	0	0	0	0	0	0	0	1	0
Eya1	Eya1	NM_010164.2		0	1	0	2	0	0	0	0	0	0	2	0	0	0	0	0	0	0	1	0
F13b	F13b	NM_031164.2		0	1	1	1	0	0	0	0	0	0	1	1	0	0	0	0	0	0	1	0
F5	F5	NM_007976.3		0	1	0	0	0	0	0	0	0	0	0	0	0	0	0	0	0	0	1	0
Fam117b	Fam117b	NM_001037725.3		0	0	0	2	0	0	0	0	0	0	2	0	0	0	0	0	0	0	0	0
Fam126b	Fam126b	NM_001310598.1		0	0	0	1	0	0	0	0	0	0	1	0	0	0	0	0	0	0	0	0
Fam126b	Fam126b	NM_001310599.1		0	0	0	1	0	0	0	0	0	0	1	0	0	0	0	0	0	0	0	0
Fam126b	Fam126b	NM_172513.3		0	0	0	1	0	0	0	0	0	0	1	0	0	0	0	0	0	0	0	0
Fam134a	Fam134a	NM_001305231.1		0	0	1	1	0	0	0	0	0	0	1	1	0	0	0	0	0	0	0	0
Fam134a	Fam134a	NM_001305232.1		0	0	1	1	0	0	0	0	0	0	1	1	0	0	0	0	0	0	0	0
Fam134a	Fam134a	NM_170755.2		0	0	1	1	0	0	0	0	0	0	1	1	0	0	0	0	0	0	0	0
Fam135a	Fam135a	NM_026604.4		1	0	0	1	0	0	0	0	0	0	1	0	0	0	0	0	1	0	0	0
Fam168b	Fam168b	NM_001160235.1		0	0	0	2	0	0	0	0	1	0	1	0	0	0	0	0	0	0	0	0
Fam168b	Fam168b	NM_001160236.1		0	0	0	2	0	0	0	0	1	0	1	0	0	0	0	0	0	0	0	0
Fam168b	Fam168b	NM_174997.2		0	0	0	2	0	0	0	0	1	0	1	0	0	0	0	0	0	0	0	0
Fam20b	Fam20b	NM_145413.4		0	1	1	1	0	1	1	0	0	0	0	1	0	0	0	0	0	0	0	0
Farp2	Farp2	NM_145519.2		0	1	1	1	0	0	0	0	0	0	1	1	0	0	0	0	0	0	1	0
Fastkd2	Fastkd2	NM_172422.3		0	0	1	0	0	0	0	0	0	0	0	1	0	0	0	1	0	0	0	0
Fbxo28	Fbxo28	NM_175127.2		0	0	0	1	0	0	0	0	0	0	1	0	0	0	0	0	0	0	0	0
Fbxo36	Fbxo36	NM_025386.3		0	1	0	0	0	0	0	0	0	0	1	0	0	0	0	1	0	0	0	0
Fcamr	Fcamr	NM_001170632.1		0	0	1	0	0	0	0	0	0	0	0	1	0	0	0	0	0	0	0	0
Fcamr	Fcamr	NM_144960.2		0	0	1	0	0	0	0	0	0	0	0	1	0	0	0	0	0	0	0	0
Fcer1g	Fcer1g	NM_010185.4		0	0	0	2	0	0	0	0	0	0	0	0	0	0	0	0	0	0	0	2
Fcgr3	Fcgr3	NM_010188.5		0	0	0	1	0	0	0	0	0	0	0	0	0	0	0	0	0	0	0	1
Fcrla	Fcrla	NM_001160215.1		0	0	1	0	0	0	0	0	0	0	0	1	0	0	0	0	0	0	0	0
Fcrla	Fcrla	NM_145141.2		0	0	1	0	0	0	0	0	0	0	0	1	0	0	0	0	0	0	0	0
Fcrla	Fcrla	NR_027666.1		0	0	0	1	0	0	0	0	0	0	0	0	1	0	0	0	0	0	0	0
Fh1	Fh1	NM_010209.2		0	0	1	0	0	0	0	0	0	0	0	1	0	0	0	0	0	0	0	0
Fmn2	Fmn2	NM_019445.2		0	0	2	0	0	0	0	0	0	0	0	2	0	0	0	0	0	0	0	0
Fmo2	Fmo2	NM_018881.3		0	0	1	0	0	0	0	0	0	0	0	1	0	0	0	1	0	0	0	0
Fmo3	Fmo3	NM_008030.2		0	0	0	1	0	0	0	0	0	0	1	0	0	0	0	0	0	0	0	0
Fmo4	Fmo4	NM_144878.1		0	0	0	1	0	0	0	0	0	0	1	0	0	0	0	0	0	0	0	0
Fmo9	Fmo9	NM_172844.2		0	0	1	0	0	0	0	0	0	0	0	1	0	0	0	0	0	0	0	0
Gas5	Gas5	NR_002840.2		0	0	0	2	0	0	0	0	0	0	0	0	1	0	0	0	0	0	0	1
Gdap1	Gdap1	NM_010267.3		0	0	1	1	0	0	0	0	0	0	1	1	0	0	0	0	0	0	0	0
Gigyf2	Gigyf2	NM_001110212.2		0	0	0	2	0	0	0	0	0	0	2	0	0	0	0	0	0	0	0	0
Gigyf2	Gigyf2	NM_146112.4		0	0	0	2	0	0	0	0	0	0	2	0	0	0	0	0	0	0	0	0
Glb1l	Glb1l	NM_029010.1		0	0	0	1	0	0	0	0	0	0	1	0	0	0	0	0	0	0	0	0
Gli2	Gli2	NM_001081125.1		0	0	2	0	0	0	0	0	0	0	0	2	0	0	0	0	0	0	0	0
Glrx2	Glrx2	NM_001038592.1		0	0	0	1	0	0	0	0	0	0	1	0	0	0	0	0	0	0	0	0
Glrx2	Glrx2	NM_001038593.1		0	0	0	1	0	0	0	0	0	0	1	0	0	0	0	0	0	0	0	0
Glrx2	Glrx2	NM_001038594.1		0	0	0	1	0	0	0	0	0	0	1	0	0	0	0	0	0	0	0	0
Glrx2	Glrx2	NM_023505.2		0	0	0	1	0	0	0	0	0	0	1	0	0	0	0	0	0	0	0	0
Gls	Gls	NM_001081081.2		0	0	0	1	0	0	0	0	0	0	1	0	0	0	0	0	0	0	0	0
Gls	Gls	NM_001113383.1		0	0	0	1	0	0	0	0	0	0	1	0	0	0	0	0	0	0	0	0
Gm10516	Gm10516	NR_033536.1		0	0	0	2	0	0	0	0	0	0	2	0	0	0	0	0	0	0	0	0
Gm13749	Gm13749	NR_027824.1		0	0	0	2	0	0	0	0	1	0	0	0	0	0	0	0	0	0	0	1
Gm16432	Gm16432	NM_001034899.3		0	0	0	1	0	0	0	0	0	0	1	0	0	0	0	0	0	0	0	0
Gm20257	Gm20257	NR_045007.1		0	0	0	1	0	0	0	0	1	0	0	0	0	0	0	0	0	0	0	0
Gm4788	Gm4788	NM_001029977.3		0	0	1	4	0	0	0	0	0	0	4	1	0	0	0	0	0	0	0	0
Gm4788	Gm4788	NM_001160303.1		0	0	1	4	0	0	0	0	0	0	4	1	0	0	0	0	0	0	0	0
Gm4788	Gm4788	NM_001160304.1		0	0	1	4	0	0	0	0	0	0	4	1	0	0	0	0	0	0	0	0
Gm4846	Gm4846	NM_001164306.1		0	0	1	0	0	0	0	0	0	0	0	1	0	0	0	0	0	0	0	0
Gm4847	Gm4847	NM_001164312.1		0	0	1	0	0	0	0	0	0	0	0	1	0	0	0	0	0	0	0	0
Gm5415	Gm5415	NM_001164286.1		1	0	2	0	0	0	0	0	0	1	0	2	0	0	0	0	0	0	0	0
Gm597	Gm597	NM_001013750.1		0	0	2	0	0	0	0	0	0	0	0	2	0	0	0	0	0	0	0	0
Gm6086	Gm6086	NM_001039219.2		0	0	1	0	0	0	0	0	0	0	0	1	0	0	0	0	0	0	0	0
Gm7609	Gm7609	NM_001081746.1		0	0	0	3	0	0	0	0	0	0	2	0	0	0	0	0	0	0	0	1
Gm973	Gm973	NM_001013771.2		0	0	1	0	0	0	0	0	0	0	0	1	0	0	0	0	0	0	0	0
Gmppa	Gmppa	NM_133708.3		0	0	1	0	0	0	0	0	0	0	0	1	0	0	0	0	0	0	0	0
Gpbar1	Gpbar1	NM_174985.1		0	0	0	1	0	0	0	0	1	0	0	0	0	0	0	0	0	0	0	0
Gpr161	Gpr161	NM_001081126.2		0	0	0	2	0	0	0	0	0	0	2	0	0	0	0	0	0	0	0	0
Gpr161	Gpr161	NM_001310429.1		0	0	0	2	0	0	0	0	0	0	2	0	0	0	0	0	0	0	0	0
Gpr161	Gpr161	NM_001310430.1		0	0	0	2	0	0	0	0	0	0	2	0	0	0	0	0	0	0	0	0
Gpr39	Gpr39	NM_027677.2		0	0	0	1	0	0	0	0	0	0	1	0	0	0	0	0	0	0	0	0
Gpr45	Gpr45	NM_053107.4		0	0	0	1	0	0	0	0	0	0	1	0	0	0	0	0	0	0	0	0
Gulp1	Gulp1	NM_028450.3		0	0	1	2	0	0	0	0	0	0	2	1	0	0	0	0	0	0	0	0
Hdac4	Hdac4	NM_207225.2		0	1	0	0	0	0	0	0	0	0	0	0	0	0	0	0	0	0	1	0
Hecw2	Hecw2	NM_001001883.3		0	1	2	0	0	0	0	0	0	0	0	2	0	0	0	0	0	0	1	0
Hecw2	Hecw2	NM_172655.3		0	0	1	1	0	0	0	0	1	0	0	1	0	0	0	0	0	0	0	0
Hibch	Hibch	NM_146108.2		0	0	0	2	0	0	0	0	2	0	0	0	0	0	0	0	0	0	0	0
Hjurp	Hjurp	NM_198652.2		0	0	3	25	9	0	0	0	6	0	5	3	0	0	0	0	0	0	0	5
Hmcn1	Hmcn1	NM_001024720.3		0	1	1	7	0	0	0	0	0	0	7	1	0	0	0	1	0	0	1	0
Hmga2-ps1	Hmga2-ps1	NR_037996.1		0	0	0	1	0	0	0	0	0	0	0	0	0	0	0	0	0	0	0	1
Hnrnpu	Hnrnpu	NM_016805.2		0	1	0	0	0	0	0	0	0	0	1	0	0	0	0	1	0	0	0	0
Htr2b	Htr2b	NM_008311.2		0	0	1	0	0	0	0	0	0	0	0	1	0	0	0	0	0	0	0	0
Iars2	Iars2	NM_198653.2		0	0	0	1	0	0	0	0	0	0	1	0	0	0	0	0	0	0	0	0
Idh1	Idh1	NM_001111320.1		0	0	0	1	0	0	0	0	0	0	1	0	0	0	0	0	0	0	0	0
Idh1	Idh1	NM_010497.3		0	0	0	1	0	0	0	0	0	0	1	0	0	0	0	0	0	0	0	0
Ifi202b	Ifi202b	NM_008327.2		0	0	0	1	0	0	0	0	0	0	1	0	0	0	0	0	0	0	0	0
Ifi202b	Ifi202b	NM_011940.2		0	0	0	1	0	0	0	0	0	0	1	0	0	0	0	0	0	0	0	0
Ifi204	Ifi204	NM_008329.2		0	0	0	3	1	0	0	0	0	0	2	0	0	0	0	0	0	0	0	0
Igsf9	Igsf9	NM_001145800.1		0	0	1	0	0	0	0	0	0	0	0	1	0	0	0	1	0	0	0	0
Igsf9	Igsf9	NM_033608.3		0	0	1	0	0	0	0	0	0	0	0	1	0	0	0	1	0	0	0	0
Il18r1	Il18r1	NM_001161842.1		0	0	0	1	0	0	0	0	0	0	0	0	0	0	0	0	0	0	0	1
Il18r1	Il18r1	NM_001161843.1		0	0	0	1	0	0	0	0	0	0	0	0	0	0	0	0	0	0	0	1
Il18r1	Il18r1	NM_008365.2		0	0	0	1	0	0	0	0	0	0	0	0	0	0	0	0	0	0	0	1
Il18rap	Il18rap	NM_010553.4		0	0	1	1	0	0	1	0	0	0	0	1	0	0	0	0	0	0	0	0
Il19	Il19	NM_001009940.1		0	0	0	1	0	0	0	0	0	0	1	0	0	0	0	0	0	0	0	0
Il1r1	Il1r1	NM_001123382.1		0	1	1	1	0	0	0	0	0	0	1	1	0	0	0	0	0	0	1	0
Il1r1	Il1r1	NM_008362.2		0	1	1	2	0	0	0	0	0	0	2	1	0	0	0	0	0	0	1	0
Il1r2	Il1r2	NM_010555.4		0	0	0	1	0	0	0	0	0	0	1	0	0	0	0	0	0	0	0	0
Il1rl1	Il1rl1	NM_001025602.3		0	0	0	1	1	0	0	0	0	0	0	0	0	0	0	0	0	0	0	0
Il1rl2	Il1rl2	NM_133193.3		0	0	1	0	0	0	0	0	0	0	0	1	0	0	0	0	0	0	0	0
Il20	Il20	NM_001311091.1		0	0	0	1	0	0	0	0	0	0	1	0	0	0	0	0	0	0	0	0
Il20	Il20	NM_021380.2		0	0	0	1	0	0	0	0	0	0	1	0	0	0	0	0	0	0	0	0
Ilkap	Ilkap	NM_023343.2		0	0	0	1	0	0	0	0	0	0	1	0	0	0	0	0	0	0	0	0
Ing5	Ing5	NM_025454.2		0	0	0	1	0	0	0	0	1	0	0	0	0	0	0	0	0	0	0	0
Ino80d	Ino80d	NM_001081436.2		0	0	0	1	0	0	0	0	0	0	1	0	0	0	0	0	0	0	0	0
Ino80d	Ino80d	NM_001114609.1		0	0	0	1	0	0	0	0	0	0	1	0	0	0	0	0	0	0	0	0
Ino80dos	Ino80dos	NR_045914.1		0	0	0	3	0	0	0	0	2	0	1	0	0	0	0	0	0	0	0	0
Ino80dos	Ino80dos	NR_045915.1		0	0	0	3	0	0	0	0	2	0	1	0	0	0	0	0	0	0	0	0
Inpp5d	Inpp5d	NM_001110192.2		0	0	0	1	0	0	0	0	0	0	1	0	0	0	0	0	0	0	0	0
Inpp5d	Inpp5d	NM_001110193.2		0	0	0	1	0	0	0	0	0	0	1	0	0	0	0	0	0	0	0	0
Inpp5d	Inpp5d	NM_010566.3		0	0	0	1	0	0	0	0	0	0	1	0	0	0	0	0	0	0	0	0
Inpp5d	Inpp5d	NR_122078.1		0	0	0	1	0	0	0	0	0	0	1	0	0	0	0	0	0	0	0	0
Ints7	Ints7	NM_001306203.1		0	0	0	1	0	0	0	0	0	0	1	0	0	0	0	0	0	0	0	0
Ints7	Ints7	NM_001306204.1		0	0	0	1	0	0	0	0	0	0	1	0	0	0	0	0	0	0	0	0
Ints7	Ints7	NM_178632.6		0	0	0	1	0	0	0	0	0	0	1	0	0	0	0	0	0	0	0	0
Iqca	Iqca	NM_029122.2		1	0	0	2	0	0	0	0	0	0	3	0	0	0	1	0	0	0	0	0
Irf6	Irf6	NM_016851.2		0	0	1	1	0	0	0	0	0	0	1	1	0	0	0	0	0	0	0	0
Ivns1abp	Ivns1abp	NM_001039511.1		0	0	0	3	0	0	0	0	1	0	2	0	0	0	0	0	0	0	0	0
Ivns1abp	Ivns1abp	NM_001039512.1		0	0	0	3	0	0	0	0	0	0	3	0	0	0	0	0	0	0	0	0
Ivns1abp	Ivns1abp	NM_054102.2		0	0	0	3	0	0	0	0	0	0	3	0	0	0	0	0	0	0	0	0
Jph1	Jph1	NM_020604.2		0	1	0	2	0	0	0	0	0	0	2	0	0	0	0	0	0	0	1	0
Kansl1l	Kansl1l	NM_001122738.1		0	0	0	1	0	0	0	0	0	0	1	0	0	0	0	0	0	0	0	0
Kansl1l	Kansl1l	NM_177645.4		0	0	0	1	0	0	0	0	0	0	1	0	0	0	0	0	0	0	0	0
Kansl3	Kansl3	NM_001310513.1		0	0	0	1	1	0	0	0	0	0	0	0	0	0	0	0	0	0	0	0
Kansl3	Kansl3	NM_172652.3		0	0	0	1	1	0	0	0	0	0	0	0	0	0	0	0	0	0	0	0
Kcnj10	Kcnj10	NM_001039484.1		0	0	1	0	0	0	0	0	0	0	0	1	0	0	0	0	0	0	0	0
Kcnq5	Kcnq5	NM_001160139.1		0	1	0	3	0	0	0	0	0	0	3	0	0	0	0	0	0	0	1	0
Kcnq5	Kcnq5	NM_001310477.1		0	1	0	3	0	0	0	0	0	0	3	0	0	0	0	0	0	0	1	0
Kcnq5	Kcnq5	NM_023872.3		0	1	0	3	0	0	0	0	0	0	3	0	0	0	0	0	0	0	1	0
Kcnt2	Kcnt2	NM_001081027.2		0	0	2	3	0	0	0	0	0	0	3	2	0	0	0	0	0	0	0	0
Kctd18	Kctd18	NM_001159864.1		0	0	1	1	1	0	0	0	0	0	0	1	0	0	0	0	0	0	0	0
Kctd18	Kctd18	NM_001159865.1		0	0	1	1	1	0	0	0	0	0	0	1	0	0	0	0	0	0	0	0
Kctd18	Kctd18	NR_027630.1		0	0	0	2	0	0	0	0	0	0	0	0	2	0	0	0	0	0	0	0
Kdelc1	Kdelc1	NM_023645.3		0	0	2	0	0	0	0	0	0	0	0	2	0	0	0	0	0	0	0	0
Khdrbs2	Khdrbs2	NM_133235.2		0	0	1	3	0	0	0	0	0	0	3	1	0	0	0	1	0	0	0	0
Kif14	Kif14	NM_001287179.2		0	0	1	2	0	0	1	0	0	0	1	1	0	0	0	0	0	0	0	0
Kif26b	Kif26b	NM_001161665.1		0	1	0	2	0	0	1	0	0	0	1	0	0	0	0	0	0	0	1	0
Kifap3	Kifap3	NM_001305643.1		0	0	0	1	0	0	0	0	0	0	1	0	0	0	0	0	0	0	0	0
Kifap3	Kifap3	NM_010629.3		0	0	0	1	0	0	0	0	0	0	1	0	0	0	0	0	0	0	0	0
Klhdc8a	Klhdc8a	NM_144810.5		0	0	1	1	0	0	0	0	0	0	1	1	0	0	0	0	0	0	0	0
Klhl20	Klhl20	NM_001039482.1		0	0	0	1	0	0	0	0	0	0	1	0	0	0	0	0	0	0	0	0
Klhl30	Klhl30	NM_027551.2		0	0	0	1	0	0	0	0	0	0	1	0	0	0	0	0	0	0	0	0
Kmo	Kmo	NM_133809.1		0	0	2	0	0	0	0	0	0	0	0	2	0	0	0	0	0	0	0	0
Lamc1	Lamc1	NM_010683.2		0	1	0	1	0	0	0	0	0	0	1	0	0	0	0	0	0	0	1	0
Lamc2	Lamc2	NM_008485.3		0	0	0	1	0	0	0	0	0	0	1	0	0	0	0	0	0	0	0	0
Lancl1	Lancl1	NM_001190984.1		0	0	0	1	0	0	0	0	0	0	1	0	0	0	0	0	0	0	0	0
Lancl1	Lancl1	NM_001190985.1		0	0	0	1	0	0	0	0	0	0	1	0	0	0	0	0	0	0	0	0
Lancl1	Lancl1	NM_021295.3		0	0	0	1	0	0	0	0	0	0	1	0	0	0	0	0	0	0	0	0
Lgr6	Lgr6	NM_001033409.3		0	0	1	0	0	0	0	0	0	0	0	1	0	0	0	0	0	0	0	0
Lgsn	Lgsn	NM_153601.1		0	0	0	1	0	0	0	0	0	0	1	0	0	0	0	0	0	0	0	0
Lhx4	Lhx4	NM_010712.2		0	0	1	0	0	0	0	0	0	0	0	1	0	0	0	0	0	0	0	0
Lmbrd1	Lmbrd1	NM_001310483.1		0	0	0	2	0	0	1	0	0	0	1	0	0	0	0	0	0	0	0	0
Lmbrd1	Lmbrd1	NM_026719.2		0	0	1	1	0	0	0	0	0	0	1	1	0	0	0	0	0	0	0	0
Lmod1	Lmod1	NM_053106.2		0	0	0	1	0	0	0	0	0	0	1	0	0	0	0	0	0	0	0	0
Lpgat1	Lpgat1	NM_001134829.1		0	0	0	1	0	0	0	0	0	0	1	0	0	0	0	0	0	0	0	0
Lpgat1	Lpgat1	NM_172266.3		0	0	0	1	0	0	0	0	0	0	1	0	0	0	0	0	0	0	0	0
Lrrc52	Lrrc52	NM_001013382.2		0	0	1	0	0	0	0	0	0	0	0	1	0	0	0	0	0	0	0	0
Lrrfip1	Lrrfip1	NM_001111311.1		0	1	0	0	0	0	0	0	0	0	0	0	0	0	0	0	0	0	1	0
Lrrfip1	Lrrfip1	NM_001111312.1		0	0	0	1	0	0	0	0	0	0	1	0	0	0	0	0	0	0	0	0
Lrrfip1	Lrrfip1	NM_001310732.1		0	0	0	1	0	0	0	0	0	0	1	0	0	0	0	0	0	0	0	0
Lrrfip1	Lrrfip1	NM_008515.4		0	0	0	1	0	0	0	0	0	0	1	0	0	0	0	0	0	0	0	0
Ly9	Ly9	NM_001277968.1		0	0	0	1	1	0	0	0	0	0	0	0	0	0	0	0	0	0	0	0
Ly9	Ly9	NM_008534.3		0	0	0	1	1	0	0	0	0	0	0	0	0	0	0	0	0	0	0	0
Ly9	Ly9	NR_102726.1		0	0	0	1	0	0	0	0	0	0	0	0	1	0	0	0	0	0	0	0
Lyg1	Lyg1	NM_027111.3		0	0	1	0	0	0	0	0	0	0	0	1	0	0	0	0	0	0	0	0
Lypd1	Lypd1	NM_001311089.1		0	0	0	1	0	0	0	0	0	0	0	0	0	0	0	0	0	0	0	1
Lypd1	Lypd1	NM_001311090.1		0	0	0	1	0	0	0	0	0	0	0	0	0	0	0	0	0	0	0	1
Lypd1	Lypd1	NM_145100.4		0	0	0	1	0	0	0	0	0	0	0	0	0	0	0	0	0	0	0	1
Lyplal1	Lyplal1	NM_146106.2		0	0	1	0	0	0	0	0	0	0	0	1	0	0	0	0	0	0	0	0
Mael	Mael	NM_175296.4		0	0	1	0	0	0	0	0	0	0	0	1	0	0	0	0	0	0	0	0
Map2	Map2	NM_001039934.1		0	0	0	2	0	0	0	0	0	0	2	0	0	0	0	0	0	0	0	0
Map2	Map2	NM_001310634.1		0	0	0	2	0	0	0	0	0	0	2	0	0	0	0	0	0	0	0	0
Map2	Map2	NM_008632.2		0	0	0	2	0	0	0	0	0	0	2	0	0	0	0	0	0	0	0	0
Map4k4	Map4k4	NM_001252200.1		0	1	1	3	0	0	0	1	0	0	3	0	0	0	0	0	0	0	1	0
Map4k4	Map4k4	NM_001252201.1		0	1	1	3	0	0	0	1	0	0	3	0	0	0	0	0	0	0	1	0
Map4k4	Map4k4	NM_001252202.1		0	1	1	3	0	0	0	1	0	0	3	0	0	0	0	0	0	0	1	0
Map4k4	Map4k4	NM_008696.2		0	1	1	3	0	0	0	1	0	0	3	0	0	0	0	0	0	0	1	0
Marc1	Marc1	NM_001290273.1		0	0	0	2	0	0	0	0	0	0	2	0	0	0	0	0	0	0	0	0
March4	March4	NM_001045533.1		0	0	0	1	0	0	0	0	0	0	1	0	0	0	0	0	0	0	0	0
Marco	Marco	NM_010766.2		0	0	1	1	0	0	0	0	0	0	1	1	0	0	0	0	0	0	0	0
Mark1	Mark1	NM_145515.2		0	1	1	1	0	0	0	0	0	0	1	1	0	0	0	0	0	0	1	0
Mcm6	Mcm6	NM_001313695.1		0	0	1	1	0	0	0	0	0	0	1	1	0	0	0	0	0	0	0	0
Mcm6	Mcm6	NM_008567.2		0	0	1	1	0	0	0	0	0	0	1	1	0	0	0	0	0	0	0	0
Mcmdc2	Mcmdc2	NM_177722.3		0	1	1	1	0	0	0	0	0	0	1	1	0	0	0	0	0	0	1	0
Mdh1b	Mdh1b	NM_029696.4		0	0	1	1	0	0	0	0	0	0	1	1	0	0	0	0	0	0	0	0
Mdm4	Mdm4	NM_001302801.1		0	0	0	1	0	0	0	0	0	0	1	0	0	0	0	0	0	0	0	0
Mdm4	Mdm4	NM_001302802.1		0	0	0	1	0	0	0	0	0	0	1	0	0	0	0	0	0	0	0	0
Mdm4	Mdm4	NM_001302803.1		0	0	0	1	0	0	0	0	0	0	1	0	0	0	0	0	0	0	0	0
Mdm4	Mdm4	NM_001302804.1		0	0	0	1	0	0	0	0	0	0	1	0	0	0	0	0	0	0	0	0
Mdm4	Mdm4	NM_008575.4		0	0	0	1	0	0	0	0	0	0	1	0	0	0	0	0	0	0	0	0
Mdm4	Mdm4	NR_126506.1		0	0	0	1	0	0	0	0	0	0	1	0	0	0	0	0	0	0	0	0
Mettl18	Mettl18	NM_027279.2		0	0	1	0	0	0	0	0	0	0	0	1	0	0	0	0	0	0	0	0
Mfsd7b	Mfsd7b	NM_001081259.1		0	0	0	2	0	0	0	0	0	0	2	0	0	0	0	0	0	0	0	0
Mfsd7b	Mfsd7b	NM_001313747.1		0	0	0	2	0	0	0	0	0	0	2	0	0	0	0	0	0	0	0	0
Mfsd9	Mfsd9	NM_172499.2		0	0	1	2	0	0	0	0	0	0	2	1	0	0	0	0	0	0	0	0
Mgat5	Mgat5	NM_145128.3		0	0	1	1	0	0	0	0	0	0	1	1	0	0	0	1	0	0	0	0
Mir181a-1	Mir181a-1	NR_029795.1		0	0	0	1	0	0	0	0	1	0	0	0	0	0	0	0	0	0	0	0
Mir181b-1	Mir181b-1	NR_029820.1		0	0	0	1	0	0	0	0	0	0	0	0	0	0	0	0	0	0	0	1
Mir297c	Mir297c	NR_030555.1		0	0	0	1	0	0	0	0	0	0	1	0	0	0	0	0	0	0	0	0
Mir29b-2	Mir29b-2	NR_029809.1		0	0	0	1	0	0	0	0	1	0	0	0	0	0	0	0	0	0	0	0
Mir29c	Mir29c	NR_029745.1		0	0	0	1	0	0	0	0	1	0	0	0	0	0	0	0	0	0	0	0
Mir3473f	Mir3473f	NR_106164.1		0	0	0	1	0	0	0	0	1	0	0	0	0	0	0	0	0	0	0	0
Mir467e	Mir467e	NR_030645.1		0	0	0	2	0	0	0	0	0	0	1	0	0	0	0	0	0	0	0	1
Mir488	Mir488	NR_030441.1		0	0	0	2	0	0	0	0	1	0	0	0	0	0	0	0	0	0	0	1
Mir6345	Mir6345	NR_105763.1		0	0	0	1	0	0	0	0	0	0	0	0	0	0	0	0	0	0	0	1
Mir664	Mir664	NR_035529.1		0	0	0	1	0	0	0	0	0	0	0	0	0	0	0	0	0	0	0	1
Mir6896	Mir6896	NR_105861.1		0	0	0	2	0	0	0	0	1	0	0	0	0	0	0	0	0	0	0	1
Mir6897	Mir6897	NR_105862.1		0	0	0	1	0	0	0	0	0	0	0	0	0	0	0	0	0	0	0	1
Mnda	Mnda	NM_001033450.4		0	0	0	1	0	0	0	0	0	0	1	0	0	0	0	0	0	0	0	0
Mnda	Mnda	NM_001301745.1		0	0	0	1	0	0	0	0	0	0	1	0	0	0	0	0	0	0	0	0
Mndal	Mndal	NM_001170853.1		0	0	0	1	0	0	0	0	0	0	0	0	0	0	0	0	0	0	0	1
Mpp4	Mpp4	NM_001164682.1		0	0	0	2	0	0	0	0	0	0	2	0	0	0	0	0	0	0	0	0
Mpp4	Mpp4	NM_145143.3		0	0	0	2	0	0	0	0	0	0	2	0	0	0	0	0	0	0	0	0
Mpz	Mpz	NM_001315499.1		0	0	0	1	0	0	0	0	0	0	1	0	0	0	0	0	0	0	0	0
Mpz	Mpz	NM_001315500.1		0	0	0	1	0	0	0	0	0	0	1	0	0	0	0	0	0	0	0	0
Mpz	Mpz	NM_008623.5		0	0	0	1	0	0	0	0	0	0	1	0	0	0	0	0	0	0	0	0
Mr1	Mr1	NM_008209.4		0	0	1	0	0	0	0	0	0	0	0	1	0	0	0	0	0	0	0	0
Mroh2a	Mroh2a	NM_001281466.1		1	5	4	34	2	0	0	0	9	0	18	4	0	0	0	1	1	0	4	6
Mroh9	Mroh9	NM_030071.1		0	1	0	1	0	0	0	0	0	0	1	0	0	0	0	0	0	0	1	0
Mrps14	Mrps14	NM_025474.3		0	0	0	2	0	0	0	0	1	0	1	0	0	0	0	0	0	0	0	0
Mybl1	Mybl1	NM_001290397.1		0	0	2	0	0	0	0	0	0	0	0	2	0	0	0	0	0	0	0	0
Mybl1	Mybl1	NM_008651.3		0	0	2	0	0	0	0	0	0	0	0	2	0	0	0	0	0	0	0	0
Mybph	Mybph	NM_016749.2		0	0	1	0	0	0	0	0	0	0	0	1	0	0	0	0	0	0	0	0
Myo1b	Myo1b	NM_001161817.2		0	0	0	1	0	0	0	0	0	0	1	0	0	0	0	0	0	0	0	0
Myo1b	Myo1b	NM_001290982.1		0	0	0	1	0	0	0	0	0	0	1	0	0	0	0	0	0	0	0	0
Myo1b	Myo1b	NM_010863.4		0	0	0	1	0	0	0	0	0	0	1	0	0	0	0	0	0	0	0	0
Myoc	Myoc	NM_010865.3		0	0	1	0	0	0	0	0	0	0	0	1	0	0	0	0	0	0	0	0
Myog	Myog	NM_031189.2		0	0	0	1	0	0	0	0	0	0	1	0	0	0	0	0	0	0	0	0
Nab1	Nab1	NM_008667.3		0	0	0	1	0	0	0	0	0	0	0	0	0	0	0	0	0	0	0	1
Nbeal1	Nbeal1	NM_173444.2		0	0	0	1	0	0	0	0	0	0	1	0	0	0	0	0	0	0	0	0
Ncf2	Ncf2	NM_010877.5		0	0	0	2	0	0	0	0	1	0	1	0	0	0	0	0	0	0	0	0
Nckap5	Nckap5	NM_001081756.1		0	1	4	4	0	0	0	0	0	0	4	4	0	0	0	0	0	0	1	0
Nckap5	Nckap5	NM_172484.3		0	1	4	2	0	0	0	0	0	0	2	4	0	0	0	0	0	0	1	0
Nckap5	Nckap5	NM_176957.3		0	0	0	9	1	0	0	0	0	0	8	0	0	0	0	0	0	0	0	0
Ndufs1	Ndufs1	NM_001160038.1		0	0	2	1	0	0	0	0	0	0	1	2	0	0	0	0	0	0	0	0
Ndufs1	Ndufs1	NM_001160039.1		0	0	2	1	0	0	0	0	0	0	1	2	0	0	0	0	0	0	0	0
Ndufs1	Ndufs1	NM_001160040.1		0	0	2	1	0	0	0	0	0	0	1	2	0	0	0	0	0	0	0	0
Ndufs1	Ndufs1	NM_145518.2		0	0	2	1	0	0	0	0	0	0	1	2	0	0	0	0	0	0	0	0
Ndufs2	Ndufs2	NM_153064.5		0	0	1	1	0	0	0	0	1	0	0	1	0	0	0	1	0	0	0	0
Nek7	Nek7	NM_001311148.1		0	0	0	1	0	0	0	0	0	0	1	0	0	0	0	0	0	0	0	0
Nek7	Nek7	NM_021605.4		0	0	0	1	0	0	0	0	0	0	1	0	0	0	0	0	0	0	0	0
Neu4	Neu4	NM_001310769.1		0	0	1	0	0	0	0	0	0	0	0	1	0	0	0	0	0	0	0	0
Neu4	Neu4	NM_173772.3		0	0	1	0	0	0	0	0	0	0	0	1	0	0	0	0	0	0	0	0
Nfasc	Nfasc	NM_001160316.1		0	0	2	0	0	0	0	0	0	0	0	2	0	0	0	0	0	0	0	0
Nfasc	Nfasc	NM_001160317.1		0	0	2	0	0	0	0	0	0	0	0	2	0	0	0	0	0	0	0	0
Nfasc	Nfasc	NM_001160318.1		0	0	2	0	0	0	0	0	0	0	0	2	0	0	0	0	0	0	0	0
Nfasc	Nfasc	NM_182716.4		0	0	2	0	0	0	0	0	0	0	0	2	0	0	0	0	0	0	0	0
Ngef	Ngef	NM_001111314.1		0	0	1	0	0	0	0	0	0	0	0	1	0	0	0	0	0	0	0	0
Ngef	Ngef	NM_019867.2		0	0	1	0	0	0	0	0	0	0	0	1	0	0	0	0	0	0	0	0
Nit1	Nit1	NM_001242580.1		0	0	0	1	0	0	0	0	0	0	1	0	0	0	0	0	0	0	0	0
Nit1	Nit1	NM_012049.2		0	0	0	1	0	0	0	0	0	0	1	0	0	0	0	0	0	0	0	0
Nme7	Nme7	NM_001293313.1		0	0	0	1	0	0	0	0	0	0	1	0	0	0	0	0	0	0	0	0
Nme7	Nme7	NM_138314.4		0	0	0	1	0	0	0	0	0	0	1	0	0	0	0	0	0	0	0	0
Nme7	Nme7	NM_178071.6		0	0	0	1	0	0	0	0	0	0	1	0	0	0	0	0	0	0	0	0
Nmnat2	Nmnat2	NM_175460.3		0	0	1	0	0	0	0	0	0	0	0	1	0	0	0	0	0	0	0	0
Nms	Nms	NM_001011684.2		0	0	0	1	0	0	0	0	0	0	1	0	0	0	0	0	0	0	0	0
Nms	Nms	NM_001311788.1		0	0	0	1	0	0	0	0	0	0	1	0	0	0	0	0	0	0	0	0
Nop58	Nop58	NM_018868.2		0	0	1	2	0	0	0	0	0	0	2	1	0	0	0	0	0	0	0	0
Nos1ap	Nos1ap	NM_001109985.1		0	0	0	1	0	0	0	0	1	0	0	0	0	0	0	0	0	0	0	0
Npas2	Npas2	NM_008719.2		0	3	0	1	0	0	0	0	0	0	1	0	0	0	0	1	0	0	3	0
Npl	Npl	NM_028749.1		0	0	1	0	0	0	0	0	0	0	0	1	0	0	0	0	0	0	0	0
Nr5a2	Nr5a2	NM_030676.3		0	0	0	1	0	0	0	0	0	0	1	0	0	0	0	0	0	0	0	0
Nrp2	Nrp2	NM_001077403.1		0	0	0	2	0	0	0	0	0	0	2	0	0	0	0	0	0	0	0	0
Nrp2	Nrp2	NM_001077404.1		0	0	0	2	0	0	0	0	0	0	2	0	0	0	0	0	0	0	0	0
Nrp2	Nrp2	NM_001077405.1		0	0	0	2	0	0	0	0	0	0	2	0	0	0	0	0	0	0	0	0
Nrp2	Nrp2	NM_001077406.1		0	0	0	1	0	0	0	0	0	0	1	0	0	0	0	0	0	0	0	0
Nrp2	Nrp2	NM_001077407.1		0	0	0	1	0	0	0	0	0	0	1	0	0	0	0	0	0	0	0	0
Nrp2	Nrp2	NM_010939.2		0	0	0	2	0	0	0	0	0	0	2	0	0	0	0	0	0	0	0	0
Nsl1	Nsl1	NM_198654.3		0	0	1	0	0	0	0	0	0	0	0	1	0	0	0	0	0	0	0	0
Nuf2	Nuf2	NM_023284.3		0	0	0	1	0	0	0	0	0	0	1	0	0	0	0	0	0	0	0	0
Nvl	Nvl	NM_026171.2		0	0	0	1	0	0	0	0	0	0	1	0	0	0	0	0	0	0	0	0
Obsl1	Obsl1	NM_001310679.1		0	0	0	1	0	0	0	0	1	0	0	0	0	0	0	0	0	0	0	0
Obsl1	Obsl1	NM_178884.5		0	0	0	1	0	0	0	0	0	0	1	0	0	0	0	0	0	0	0	0
Olfml2b	Olfml2b	NM_177068.4		0	0	1	0	0	0	0	0	0	0	0	1	0	0	0	0	0	0	0	0
Olfr12	Olfr12	NM_206896.2		0	1	0	0	0	0	0	0	0	0	0	0	0	0	0	0	0	0	1	0
Olfr1410	Olfr1410	NM_146491.1		0	0	1	0	0	0	0	0	0	0	0	1	0	0	0	0	0	0	0	0
Olfr1411	Olfr1411	NM_146490.1		0	0	1	0	0	0	0	0	0	0	0	1	0	0	0	0	0	0	0	0
Olfr1413	Olfr1413	NM_147037.2		0	1	0	0	0	0	0	0	0	0	0	0	0	0	0	0	0	0	1	0
Olfr1415	Olfr1415	NM_001011525.1		0	0	0	1	0	0	0	0	0	0	0	0	0	0	0	0	0	0	0	1
Olfr218	Olfr218	NM_001001809.2		0	1	1	0	0	0	0	0	0	0	0	1	0	0	0	0	0	0	1	0
Olfr248	Olfr248	NM_146714.2		1	0	1	0	0	0	0	0	0	0	0	1	0	0	0	0	0	1	0	0
Olfr414	Olfr414	NM_146761.2		0	0	0	1	0	0	0	0	0	0	0	0	0	0	0	0	0	0	0	1
Olfr424	Olfr424	NM_146721.2		0	0	0	1	0	0	0	0	1	0	0	0	0	0	0	0	0	0	0	0
Ormdl1	Ormdl1	NM_145517.4		0	0	0	1	1	0	0	0	0	0	0	0	0	0	0	0	0	0	0	0
Osgepl1	Osgepl1	NM_001285839.1		0	0	0	1	0	0	0	0	0	0	0	0	0	0	0	0	0	0	0	1
Osgepl1	Osgepl1	NR_104360.1		0	0	0	1	0	0	0	0	0	0	0	0	0	0	0	0	0	0	0	1
Osgepl1	Osgepl1	NR_104361.1		0	0	0	1	0	0	0	0	0	0	0	0	0	0	0	0	0	0	0	1
Pam	Pam	NM_013626.3		0	0	0	4	0	0	0	0	0	0	4	0	0	0	0	0	0	0	0	0
Panct2	Panct2	NR_131964.1		0	0	0	1	0	0	0	0	0	0	1	0	0	0	0	0	0	0	0	0
Pantr1	Pantr1	NR_027826.1		0	0	0	2	0	0	0	0	0	0	2	0	0	0	0	0	0	0	0	0
Pappa2	Pappa2	NM_001085376.2		1	1	1	2	0	0	0	0	0	1	2	1	0	0	0	1	0	0	1	0
Paqr8	Paqr8	NM_028829.3		0	0	0	1	1	0	0	0	0	0	0	0	0	0	0	0	0	0	0	0
Pard3b	Pard3b	NM_001081050.2		0	1	1	2	0	0	0	0	0	0	2	1	0	0	0	0	0	0	1	0
Pbx1	Pbx1	NM_001291508.1		1	0	0	1	0	0	0	0	0	0	1	0	0	0	0	0	1	0	0	0
Pbx1	Pbx1	NM_001291509.1		0	0	0	2	0	0	0	0	0	0	2	0	0	0	0	0	0	0	0	0
Pbx1	Pbx1	NM_008783.3		1	0	0	1	0	0	0	0	0	0	1	0	0	0	0	0	1	0	0	0
Pbx1	Pbx1	NM_183355.3		1	0	0	1	0	0	0	0	0	0	1	0	0	0	0	0	1	0	0	0
Pcmtd1	Pcmtd1	NM_183028.3		0	0	1	1	0	0	0	0	1	0	0	1	0	0	0	0	0	0	0	0
Pcp4l1	Pcp4l1	NM_025557.1		0	0	1	0	0	0	0	0	0	0	0	1	0	0	0	0	0	0	0	0
Pdc	Pdc	NM_001159730.1		0	0	0	1	0	0	0	0	0	0	1	0	0	0	0	0	0	0	0	0
Pdc	Pdc	NM_024458.2		0	0	0	1	0	0	0	0	0	0	1	0	0	0	0	0	0	0	0	0
Pdcd1	Pdcd1	NM_008798.2		1	0	0	0	0	0	0	0	0	0	0	0	0	0	0	0	1	0	0	0
Pdcl3	Pdcl3	NM_026850.4		0	0	1	0	0	0	0	0	0	0	0	1	0	0	0	0	0	0	0	0
Per2	Per2	NM_011066.3		0	1	1	1	0	0	0	0	0	0	1	1	0	0	0	1	0	0	1	0
Pfdn2	Pfdn2	NM_011070.3		0	0	0	1	0	0	0	0	0	0	0	0	0	0	0	0	0	0	0	1
Pfkfb2	Pfkfb2	NM_001162415.1		0	0	0	1	0	0	0	0	0	0	1	0	0	0	0	0	0	0	0	0
Pfkfb2	Pfkfb2	NM_001162416.1		0	0	0	1	0	0	0	0	0	0	0	0	0	0	0	0	0	0	0	1
Pfkfb2	Pfkfb2	NM_008825.4		0	0	0	1	0	0	0	0	0	0	1	0	0	0	0	0	0	0	0	0
Pfkfb2	Pfkfb2	NR_027859.1		0	0	0	1	0	0	0	0	0	0	1	0	0	0	0	0	0	0	0	0
Pgap1	Pgap1	NM_001163314.2		0	0	1	0	0	0	0	0	0	0	0	1	0	0	0	0	0	0	0	0
Phf3	Phf3	NM_001081080.1		0	0	2	0	0	0	0	0	0	0	0	2	0	0	0	0	0	0	0	0
Phlpp1	Phlpp1	NM_133821.3		0	0	1	0	0	0	0	0	0	0	0	1	0	0	0	0	0	0	0	0
Pigc	Pigc	NM_001039045.1		1	0	0	1	1	0	0	0	0	0	0	0	0	0	0	0	0	1	0	0
Pigc	Pigc	NM_026078.2		1	0	0	1	1	0	0	0	0	0	0	0	0	0	0	0	0	1	0	0
Pign	Pign	NM_013784.3		0	0	0	2	0	0	0	0	0	0	2	0	0	0	0	0	0	0	0	0
Pih1d3	Pih1d3	NM_029062.2		0	0	3	1	0	0	0	0	0	0	0	3	0	0	0	0	0	0	0	1
Pik3c2b	Pik3c2b	NM_001099276.2		0	0	0	1	0	0	0	0	0	0	1	0	0	0	0	0	0	0	0	0
Pikfyve	Pikfyve	NM_001310624.1		0	0	0	1	0	0	0	0	0	0	1	0	0	0	0	0	0	0	0	0
Pikfyve	Pikfyve	NM_011086.2		0	0	0	1	0	0	0	0	0	0	1	0	0	0	0	0	0	0	0	0
Pkhd1	Pkhd1	NM_153179.3		1	1	3	9	0	0	0	0	0	0	10	3	0	0	0	2	1	0	0	0
Pla2g4a	Pla2g4a	NM_001305632.1		0	1	1	2	0	0	0	0	0	0	2	1	0	0	0	0	0	0	1	0
Pla2g4a	Pla2g4a	NM_008869.4		0	1	1	2	0	0	0	0	0	0	2	1	0	0	0	0	0	0	1	0
Pld5	Pld5	NM_001195816.1		1	0	1	1	1	0	0	0	0	1	0	1	0	0	0	0	0	0	0	0
Pld5	Pld5	NM_176916.4		1	0	1	1	1	0	0	0	0	1	0	1	0	0	0	0	0	0	0	0
Plekha6	Plekha6	NM_001160268.1		0	0	0	1	0	0	0	0	0	0	1	0	0	0	0	0	0	0	0	0
Plekha6	Plekha6	NM_182930.2		0	0	0	1	0	0	0	0	0	0	1	0	0	0	0	0	0	0	0	0
Plekhb2	Plekhb2	NM_145516.2		0	1	0	1	1	0	0	0	0	0	0	0	0	0	0	0	0	0	1	0
Plekhb2	Plekhb2	NM_175421.1		0	1	0	0	0	0	0	0	0	0	0	0	0	0	0	0	0	0	1	0
Plekhm3	Plekhm3	NM_001039493.1		0	0	2	0	0	0	0	0	0	0	0	2	0	0	0	0	0	0	0	0
Plxna2	Plxna2	NM_008882.2		0	0	1	2	0	0	0	0	0	0	2	1	0	0	0	0	0	0	0	0
Pms1	Pms1	NM_153556.2		0	0	1	1	0	0	0	0	0	0	1	1	0	0	0	0	0	0	0	0
Pnkd	Pnkd	NM_001039509.1		0	0	0	1	0	0	0	0	0	0	0	0	0	0	0	0	0	0	0	1
Pnkd	Pnkd	NM_025580.2		0	0	0	1	0	0	0	0	0	0	0	0	0	0	0	0	0	0	0	1
Pou2f1	Pou2f1	NM_011137.3		0	1	0	2	0	0	0	0	0	0	2	0	0	0	0	0	0	0	1	0
Pou2f1	Pou2f1	NM_198932.3		0	1	0	2	0	0	0	0	0	0	2	0	0	0	0	0	0	0	1	0
Pou2f1	Pou2f1	NM_198933.3		0	1	0	2	0	0	0	0	0	0	2	0	0	0	0	0	0	0	1	0
Pou2f1	Pou2f1	NM_198934.3		0	1	0	2	0	0	0	0	0	0	2	0	0	0	0	0	0	0	1	0
Pou3f3	Pou3f3	NM_008900.2		0	0	0	1	0	0	0	0	0	0	0	0	0	0	0	0	0	0	0	1
Ppfia4	Ppfia4	NM_001144855.1		0	0	1	0	0	0	0	0	0	0	0	1	0	0	0	0	0	0	0	0
Ppil3	Ppil3	NM_001285826.1		0	0	0	1	0	0	0	0	0	0	1	0	0	0	0	0	0	0	0	0
Ppil3	Ppil3	NM_001285827.1		0	0	0	1	0	0	0	0	0	0	1	0	0	0	0	0	0	0	0	0
Ppil3	Ppil3	NM_027351.3		0	0	0	1	0	0	0	0	0	0	1	0	0	0	0	0	0	0	0	0
Ppil3	Ppil3	NM_027374.3		0	0	0	1	0	0	0	0	0	0	1	0	0	0	0	0	0	0	0	0
Ppip5k2	Ppip5k2	NM_173760.5		0	0	0	1	0	0	0	0	0	0	1	0	0	0	0	0	0	0	0	0
Ppp1r42	Ppp1r42	NM_145692.2		0	0	0	1	0	0	0	0	0	0	1	0	0	0	0	0	0	0	0	0
Ppp1r42	Ppp1r42	NR_110971.1		0	1	0	0	0	0	0	0	0	0	1	0	0	0	0	1	0	0	0	0
Ppp1r7	Ppp1r7	NM_023200.2		0	0	1	0	0	0	0	0	0	0	0	1	0	0	0	0	0	0	0	0
Prdm14	Prdm14	NM_001081209.2		0	0	1	0	0	0	0	0	0	0	0	1	0	0	0	0	0	0	0	0
Prex2	Prex2	NM_001033636.4		0	0	0	1	0	0	0	0	0	0	1	0	0	0	0	0	0	0	0	0
Prex2	Prex2	NM_029525.1		0	1	1	7	0	0	0	1	0	0	7	0	0	0	0	0	0	0	1	0
Prg4	Prg4	NM_001110146.1		0	0	0	1	0	0	0	0	0	0	1	0	0	0	0	0	0	0	0	0
Prg4	Prg4	NM_021400.3		0	0	1	0	0	0	0	0	0	0	0	1	0	0	0	0	0	0	0	0
Prrc2c	Prrc2c	NM_001081290.1		0	0	4	2	0	0	0	0	0	0	2	4	0	0	0	0	0	0	0	0
Prrx1	Prrx1	NM_001025570.1		0	0	0	1	0	0	0	0	0	0	1	0	0	0	0	0	0	0	0	0
Prrx1	Prrx1	NM_011127.2		0	1	0	1	0	0	0	0	0	0	1	0	0	0	0	1	0	0	1	0
Prrx1	Prrx1	NM_175686.3		0	1	0	2	1	0	0	0	0	0	1	0	0	0	0	1	0	0	0	0
Prss39	Prss39	NM_009355.2		0	0	0	1	0	0	0	0	0	0	1	0	0	0	0	0	0	0	0	0
Psen2	Psen2	NM_001128605.1		0	0	1	0	0	0	0	0	0	0	0	1	0	0	0	0	0	0	0	0
Psen2	Psen2	NM_011183.3		0	0	1	0	0	0	0	0	0	0	0	1	0	0	0	0	0	0	0	0
Psmd1	Psmd1	NM_027357.2		0	0	0	3	0	0	0	0	0	0	3	0	0	0	0	0	0	0	0	0
Pth2r	Pth2r	NM_139270.2		0	0	0	1	0	0	0	0	0	0	1	0	0	0	0	0	0	0	0	0
Ptpn4	Ptpn4	NM_019933.2		0	0	1	1	0	0	0	0	0	0	1	1	0	0	0	0	0	0	0	0
Ptpn7	Ptpn7	NM_177081.3		0	0	1	1	0	0	0	0	0	0	0	1	0	0	0	0	0	0	0	1
Ptprv	Ptprv	NM_007955.3		0	0	1	3	0	0	0	0	0	0	2	1	0	0	0	0	0	0	0	1
Pydc3	Pydc3	NM_001162938.1		0	0	0	2	0	0	0	0	1	0	1	0	0	0	0	0	0	0	0	0
Pydc4	Pydc4	NM_001177349.1		0	0	0	2	0	0	0	0	0	0	2	0	0	0	0	0	0	0	0	0
Pydc4	Pydc4	NM_001177350.1		0	0	0	2	0	0	0	0	0	0	2	0	0	0	0	0	0	0	0	0
Pyhin1	Pyhin1	NM_175026.3		0	0	0	1	0	0	0	0	0	0	1	0	0	0	0	0	0	0	0	0
R3hdm1	R3hdm1	NM_181750.2		0	0	1	0	0	0	0	0	0	0	0	1	0	0	0	0	0	0	0	0
Rab23	Rab23	NM_001159729.1		0	0	0	1	0	0	0	0	0	0	1	0	0	0	0	0	0	0	0	0
Rab23	Rab23	NM_008999.4		0	0	0	1	0	0	0	0	0	0	1	0	0	0	0	0	0	0	0	0
Rab3gap1	Rab3gap1	NM_178690.4		0	0	1	0	0	0	0	0	0	0	0	1	0	0	0	0	0	0	0	0
Rab3gap2	Rab3gap2	NM_001163754.1		0	0	0	1	0	0	0	0	0	0	1	0	0	0	0	0	0	0	0	0
Rab7b	Rab7b	NM_001311096.1		0	0	2	0	0	0	0	0	0	0	0	2	0	0	0	0	0	0	0	0
Rab7b	Rab7b	NM_145509.3		0	0	2	0	0	0	0	0	0	0	0	2	0	0	0	0	0	0	0	0
Rabgap1l	Rabgap1l	NM_001038621.2		0	1	0	0	0	0	0	0	0	0	0	0	0	0	0	0	0	0	1	0
Rabgap1l	Rabgap1l	NM_013862.5		0	0	0	1	0	0	0	0	0	0	1	0	0	0	0	0	0	0	0	0
Rasal2	Rasal2	NM_177644.5		0	0	1	1	0	0	0	0	0	0	1	1	0	0	0	0	0	0	0	0
Rb1cc1	Rb1cc1	NM_009826.4		0	0	1	1	0	0	0	0	0	0	1	1	0	0	0	0	0	0	0	0
Rbm44	Rbm44	NM_001033408.4		0	0	0	1	0	0	0	0	0	0	1	0	0	0	0	0	0	0	0	0
Rc3h1	Rc3h1	NM_001024952.2		0	1	0	3	1	0	0	0	0	0	2	0	0	0	0	0	0	0	1	0
Rcor3	Rcor3	NM_001290278.1		0	0	0	1	0	0	0	0	0	0	1	0	0	0	0	0	0	0	0	0
Rcor3	Rcor3	NM_001290279.1		0	0	0	1	0	0	0	0	0	0	1	0	0	0	0	0	0	0	0	0
Rcor3	Rcor3	NM_001290280.1		0	0	0	1	0	0	0	0	0	0	1	0	0	0	0	0	0	0	0	0
Rcor3	Rcor3	NM_001290282.1		0	0	0	1	0	0	0	0	0	0	1	0	0	0	0	0	0	0	0	0
Rcor3	Rcor3	NM_144814.3		0	0	0	1	0	0	0	0	0	0	1	0	0	0	0	0	0	0	0	0
Rd3	Rd3	NM_001177900.2		0	0	1	0	0	0	0	0	0	0	0	1	0	0	0	0	0	0	0	0
Rd3	Rd3	NM_001303132.1		0	0	1	0	0	0	0	0	0	0	0	1	0	0	0	0	0	0	0	0
Rd3	Rd3	NM_023727.4		0	0	1	0	0	0	0	0	0	0	0	1	0	0	0	0	0	0	0	0
Rdh10	Rdh10	NM_133832.3		0	0	0	1	0	0	0	0	0	0	0	0	0	0	0	0	0	0	0	1
Ren1	Ren1	NM_031192.3		0	0	0	1	0	0	0	0	0	0	0	0	0	0	0	0	0	0	0	1
Ren2	Ren2	NM_031193.2		0	0	0	1	0	0	0	0	0	0	0	0	0	0	0	0	0	0	0	1
Resp18	Resp18	NM_009049.2		0	0	0	1	0	0	0	0	0	0	1	0	0	0	0	0	0	0	0	0
Resp18	Resp18	NR_138251.1		0	0	0	1	0	0	0	0	0	0	1	0	0	0	0	0	0	0	0	0
Rev1	Rev1	NM_019570.3		0	0	0	1	0	0	0	0	1	0	0	0	0	0	0	0	0	0	0	0
Rftn2	Rftn2	NM_028713.1		0	0	0	1	0	0	0	0	0	0	0	0	0	0	0	0	0	0	0	1
Rfwd2	Rfwd2	NM_011931.3		0	0	0	2	0	0	0	0	0	0	2	0	0	0	0	0	0	0	0	0
Rfx8	Rfx8	NM_001145660.1		0	1	1	0	0	0	0	0	0	0	0	1	0	0	0	1	0	0	1	0
Rgl1	Rgl1	NM_016846.3		0	0	0	2	0	0	0	0	0	0	2	0	0	0	0	0	0	0	0	0
Rgs1	Rgs1	NM_015811.2		0	0	1	1	0	0	0	0	0	0	1	1	0	0	0	0	0	0	0	0
Rgs18	Rgs18	NM_022881.4		0	0	0	1	0	0	0	0	0	0	1	0	0	0	0	0	0	0	0	0
Rgs20	Rgs20	NM_001177795.1		0	1	0	0	0	0	0	0	0	0	0	0	0	0	0	0	0	0	1	0
Rgs20	Rgs20	NM_001290372.1		0	1	0	0	0	0	0	0	0	0	0	0	0	0	0	0	0	0	1	0
Rgs20	Rgs20	NM_021374.5		0	1	0	0	0	0	0	0	0	0	0	0	0	0	0	0	0	0	1	0
Rgs7	Rgs7	NM_001199003.1		0	0	2	4	0	0	0	0	0	0	4	2	0	0	0	0	0	0	0	0
Rgs7	Rgs7	NM_011880.3		0	0	2	4	0	0	0	0	0	0	4	2	0	0	0	0	0	0	0	0
Rgsl1	Rgsl1	NM_001243223.1		0	1	0	2	0	0	0	0	0	0	2	0	0	0	0	0	0	0	1	0
Rims1	Rims1	NM_001012623.1		0	0	2	0	0	0	0	0	0	0	0	2	0	0	0	0	0	0	0	0
Rims1	Rims1	NM_053270.1		0	0	2	0	0	0	0	0	0	0	0	2	0	0	0	0	0	0	0	0
Rims1	Rims1	NM_183018.2		0	0	2	0	0	0	0	0	0	0	0	2	0	0	0	0	0	0	0	0
Rims1	Rims1.2	NM_001012623.1.2		0	1	0	4	0	0	0	0	1	0	3	0	0	0	0	0	0	0	1	0
Rims1	Rims1.2	NM_001012624.1		0	1	0	4	0	0	0	0	1	0	3	0	0	0	0	0	0	0	1	0
Rims1	Rims1.2	NM_001012625.1		0	1	0	4	0	0	0	0	1	0	3	0	0	0	0	0	0	0	1	0
Rnf149	Rnf149	NM_001033135.3		0	0	1	0	0	0	0	0	0	0	0	1	0	0	0	0	0	0	0	0
Rnf2	Rnf2	NM_011277.2		0	1	0	0	0	0	0	0	0	0	0	0	0	0	0	0	0	0	1	0
Rnf25	Rnf25	NM_001305230.1		0	0	0	2	0	0	0	0	1	0	0	0	0	0	0	0	0	0	0	1
Rnf25	Rnf25	NM_021313.3		0	0	0	2	0	0	0	0	1	0	0	0	0	0	0	0	0	0	0	1
Rp1	Rp1	NM_001195662.1		0	0	0	3	0	0	0	0	0	0	3	0	0	0	0	0	0	0	0	0
Rp1	Rp1	NM_011283.2		1	1	1	0	0	0	0	0	0	1	0	1	0	0	0	0	0	0	1	0
Rpl31	Rpl31	NM_001252218.1		0	0	0	1	0	0	0	0	0	0	1	0	0	0	0	0	0	0	0	0
Rpl31	Rpl31	NM_001252219.1		0	0	0	1	0	0	0	0	0	0	1	0	0	0	0	0	0	0	0	0
Rpl31	Rpl31	NM_053257.3		0	0	0	1	0	0	0	0	0	0	1	0	0	0	0	0	0	0	0	0
Rpl7	Rpl7	NM_011291.5		0	0	1	0	0	0	0	0	0	0	0	1	0	0	0	0	0	0	0	0
Rps6kc1	Rps6kc1	NM_178775.4		0	0	0	1	0	0	0	0	0	0	1	0	0	0	0	0	0	0	0	0
Rrp15	Rrp15	NM_026041.2		0	0	1	0	0	0	0	0	0	0	0	1	0	0	0	0	0	0	0	0
Rrs1	Rrs1	NM_021511.2		0	0	0	1	1	0	0	0	0	0	0	0	0	0	0	0	0	0	0	0
Rxrg	Rxrg	NM_001159731.1		0	0	1	2	1	0	0	0	0	0	1	1	0	0	0	0	0	0	0	0
Rxrg	Rxrg	NM_009107.3		0	0	1	2	1	0	0	0	0	0	1	1	0	0	0	0	0	0	0	0
Sag	Sag	NM_009118.2		0	0	0	1	0	0	0	0	0	0	1	0	0	0	0	0	0	0	0	0
Satb2	Satb2	NM_139146.2		0	0	0	1	0	0	0	0	0	0	1	0	0	0	0	0	0	0	0	0
Sccpdh	Sccpdh	NM_178653.3		0	1	0	1	0	0	0	0	0	0	2	0	0	0	0	1	0	0	0	0
Sctr	Sctr	NM_001012322.2		0	1	0	0	0	0	0	0	0	0	0	0	0	0	0	0	0	0	1	0
Sctr	Sctr	NM_001311077.1		0	1	0	0	0	0	0	0	0	0	0	0	0	0	0	0	0	0	1	0
Scyl3	Scyl3	NM_001286002.1		0	0	0	2	0	0	0	0	1	0	1	0	0	0	0	0	0	0	0	0
Scyl3	Scyl3	NM_001286003.1		0	0	0	2	0	0	0	0	1	0	1	0	0	0	0	0	0	0	0	0
Scyl3	Scyl3	NM_028776.5		0	0	0	2	0	0	0	0	1	0	1	0	0	0	0	0	0	0	0	0
Sdccag8	Sdccag8	NM_029756.3		0	0	1	1	0	0	0	0	0	0	1	1	0	0	0	0	0	0	0	0
Sde2	Sde2	NM_145943.1		0	0	0	1	0	0	0	0	0	0	1	0	0	0	0	0	0	0	0	0
Sdhc	Sdhc	NM_025321.3		0	0	0	1	0	0	0	0	0	0	1	0	0	0	0	0	0	0	0	0
Sele	Sele	NM_011345.2		0	0	0	1	0	0	0	0	0	0	1	0	0	0	0	0	0	0	0	0
Sept2	Sept2	NM_001159717.1		0	0	2	0	0	0	0	0	0	0	0	2	0	0	0	0	0	0	0	0
Sept2	Sept2	NM_001159718.1		0	0	1	1	0	0	1	0	0	0	0	1	0	0	0	0	0	0	0	0
Sept2	Sept2	NM_001159719.1		0	0	2	0	0	0	0	0	0	0	0	2	0	0	0	0	0	0	0	0
Sept2	Sept2	NM_010891.2		0	0	2	0	0	0	0	0	0	0	0	2	0	0	0	0	0	0	0	0
Serpinb10	Serpinb10	NM_001160307.1		0	1	0	2	0	0	0	0	0	0	2	0	0	0	0	0	0	0	1	0
Serpinb10	Serpinb10	NM_198028.3		0	1	0	2	0	0	0	0	0	0	2	0	0	0	0	0	0	0	1	0
Serpinb11	Serpinb11	NM_025867.2		0	0	0	1	0	0	0	0	0	0	1	0	0	0	0	0	0	0	0	0
Serpinb2	Serpinb2	NM_001174170.1		0	0	0	1	0	0	0	0	0	0	1	0	0	0	0	0	0	0	0	0
Serpinb2	Serpinb2	NM_011111.4		0	0	0	1	0	0	0	0	0	0	1	0	0	0	0	0	0	0	0	0
Serpinb3b	Serpinb3b	NM_198680.2		0	1	1	3	0	0	0	0	0	0	3	1	0	0	0	0	0	0	1	0
Serpinb3c	Serpinb3c	NM_201363.2		0	0	0	1	0	0	0	0	0	0	1	0	0	0	0	0	0	0	0	0
Serpinb3d	Serpinb3d	NM_201376.1		0	0	0	3	0	0	0	0	1	0	2	0	0	0	0	0	0	0	0	0
Serpinb5	Serpinb5	NM_009257.3		0	0	0	1	1	0	0	0	0	0	0	0	0	0	0	0	0	0	0	0
Serpinb7	Serpinb7	NM_027548.3		0	0	0	1	0	0	0	0	0	0	1	0	0	0	0	0	0	0	0	0
Serpinb8	Serpinb8	NM_001159748.1		0	0	1	0	0	0	0	0	0	0	0	1	0	0	0	0	0	0	0	0
Serpinb8	Serpinb8	NM_011459.4		0	0	1	0	0	0	0	0	0	0	0	1	0	0	0	0	0	0	0	0
Serpinc1	Serpinc1	NM_080844.4		0	0	0	1	0	0	0	0	0	0	0	0	0	0	0	0	0	0	0	1
Serpine2	Serpine2	NM_009255.4		0	1	1	1	0	0	0	0	0	0	1	1	0	0	0	0	0	0	1	0
Sf3b1	Sf3b1	NM_031179.2		0	0	0	1	0	0	0	0	0	0	1	0	0	0	0	0	0	0	0	0
Sgk3	Sgk3	NM_001037759.1		0	0	0	1	0	0	0	0	0	0	1	0	0	0	0	0	0	0	0	0
Sgk3	Sgk3	NM_133220.2		0	0	0	1	0	0	0	0	0	0	1	0	0	0	0	0	0	0	0	0
Sgk3	Sgk3	NM_177547.3		0	0	0	1	0	0	0	0	0	0	1	0	0	0	0	0	0	0	0	0
Sgol2a	Sgol2a	NM_001177867.1		0	1	0	1	0	0	0	0	0	0	1	0	0	0	0	0	0	0	1	0
Sgol2a	Sgol2a	NM_199007.2		0	1	1	0	0	0	0	0	0	0	0	1	0	0	0	0	0	0	1	0
Sgpp2	Sgpp2	NM_001004173.2		0	0	1	0	0	0	0	0	0	0	0	1	0	0	0	0	0	0	0	0
Shcbp1l	Shcbp1l	NM_001033162.2		0	0	0	1	0	0	0	0	0	0	1	0	0	0	0	0	0	0	0	0
Slamf7	Slamf7	NM_144539.5		0	0	0	1	0	0	0	0	0	0	1	0	0	0	0	0	0	0	0	0
Slc11a1	Slc11a1	NM_013612.2		0	0	0	1	0	0	0	0	0	0	1	0	0	0	0	0	0	0	0	0
Slc19a2	Slc19a2	NM_001276455.1		0	0	1	0	0	0	0	0	0	0	0	1	0	0	0	0	0	0	0	0
Slc19a2	Slc19a2	NM_054087.3		0	0	1	0	0	0	0	0	0	0	0	1	0	0	0	0	0	0	0	0
Slc19a3	Slc19a3	NM_030556.2		0	0	0	1	0	0	0	0	0	0	1	0	0	0	0	0	0	0	0	0
Slc35f5	Slc35f5	NM_028787.4		0	0	0	2	0	0	0	0	0	0	2	0	0	0	0	0	0	0	0	0
Slc40a1	Slc40a1	NM_016917.2		0	0	2	1	0	0	0	0	0	0	1	2	0	0	0	0	0	0	0	0
Slc4a3	Slc4a3	NM_009208.3		1	0	1	1	0	0	0	0	0	0	1	1	0	0	0	0	1	0	0	0
Slc9a2	Slc9a2	NM_001033289.2		0	1	1	3	0	0	0	0	0	0	3	1	0	0	0	0	0	0	1	0
Slc9a4	Slc9a4	NM_177084.3		0	0	0	2	0	0	0	0	0	0	2	0	0	0	0	0	0	0	0	0
Slco4c1	Slco4c1	NM_172658.3		0	0	3	0	0	0	0	0	0	0	0	3	0	0	0	0	0	0	0	0
Slco5a1	Slco5a1	NM_172841.2		0	0	1	1	0	0	0	0	0	0	1	1	0	0	0	0	0	0	0	0
Slco6d1	Slco6d1	NM_001164233.1		0	0	1	2	0	0	0	0	0	0	2	1	0	0	0	0	0	0	0	0
Slco6d1	Slco6d1	NM_027584.1		0	0	1	2	0	0	0	0	0	0	2	1	0	0	0	0	0	0	0	0
Smg7	Smg7	NM_001005507.2		0	0	1	3	0	0	0	0	1	0	2	1	0	0	0	0	0	0	0	0
Smg7	Smg7	NM_001160256.1		0	0	1	3	0	0	0	0	1	0	2	1	0	0	0	0	0	0	0	0
Smg7	Smg7	NM_001160257.1		0	0	1	3	0	0	0	0	1	0	2	1	0	0	0	0	0	0	0	0
Smyd3	Smyd3	NM_027188.3		0	0	0	1	0	0	0	0	0	0	1	0	0	0	0	0	0	0	0	0
Sned1	Sned1	NM_172463.4		0	1	1	1	0	0	0	0	0	0	1	1	0	0	0	0	0	0	1	0
Snora36b	Snora36b	NR_034044.1		0	0	0	1	0	0	0	0	0	0	0	0	0	0	0	0	0	0	0	1
Snord11	Snord11	NR_028521.1		0	0	0	1	0	0	0	0	0	0	0	0	0	0	0	0	0	0	0	1
Snord47	Snord47	NR_028543.1		0	0	0	1	0	0	0	0	0	0	0	0	0	0	0	0	0	0	0	1
Snord70	Snord70	NR_028554.1		0	0	0	1	0	0	0	0	1	0	0	0	0	0	0	0	0	0	0	0
Snrpe	Snrpe	NM_009227.3		0	0	0	1	0	0	0	0	0	0	1	0	0	0	0	0	0	0	0	0
Sntg1	Sntg1	NM_001290390.1		0	0	1	2	0	0	0	0	0	0	2	1	0	0	0	0	0	0	0	0
Sntg1	Sntg1	NM_001290392.1		0	0	1	2	0	0	0	0	0	0	2	1	0	0	0	0	0	0	0	0
Sntg1	Sntg1	NM_001290393.1		0	0	1	2	0	0	0	0	0	0	2	1	0	0	0	0	0	0	0	0
Sntg1	Sntg1	NM_027671.5		0	0	1	2	0	0	0	0	0	0	2	1	0	0	0	0	0	0	0	0
Soat1	Soat1	NM_009230.3		0	0	0	2	0	0	0	0	0	0	2	0	0	0	0	0	0	0	0	0
Sox13	Sox13	NM_011439.2		0	1	0	0	0	0	0	0	0	0	0	0	0	0	0	0	0	0	1	0
Sp100	Sp100	NM_001313712.1		0	0	0	1	0	0	0	0	0	0	0	0	0	0	0	0	0	0	0	1
Sp100	Sp100	NM_001313713.1		0	0	0	1	0	0	0	0	0	0	0	0	0	0	0	0	0	0	0	1
Sp100	Sp100	NM_001313714.1		0	0	0	1	0	0	0	0	0	0	0	0	0	0	0	0	0	0	0	1
Sp100	Sp100	NM_013673.4		0	0	0	1	0	0	0	0	0	0	0	0	0	0	0	0	0	0	0	1
Sp110	Sp110	NM_030194.1		0	1	3	15	0	0	0	0	0	0	9	3	0	0	0	0	0	0	1	6
Sp110	Sp110	NM_175397.4		0	1	3	15	0	0	0	0	0	0	15	3	0	0	0	0	0	0	1	0
Sp140	Sp140	NM_001013817.2		1	3	6	16	0	1	3	0	1	1	12	6	0	0	0	0	0	0	2	0
Spag16	Spag16	NM_001271533.1		0	0	0	1	0	0	0	0	0	0	1	0	0	0	0	0	0	0	0	0
Spag16	Spag16	NM_025728.4		1	1	0	1	0	0	0	0	0	0	2	0	0	0	0	1	1	0	0	0
Spag16	Spag16	NM_029160.3		1	1	0	2	0	0	0	0	0	0	3	0	0	0	0	1	1	0	0	0
Spata17	Spata17	NM_028848.3		1	0	0	0	0	0	0	0	0	0	0	0	0	0	0	0	1	0	0	0
Spata45	Spata45	NM_029336.1		0	0	0	1	0	0	0	0	1	0	0	0	0	0	0	0	0	0	0	0
Speg	Speg	NM_001085370.1		0	1	0	2	0	0	0	0	1	0	1	0	0	0	0	0	0	0	1	0
Speg	Speg	NM_007463.4		0	1	0	2	0	0	0	0	1	0	1	0	0	0	0	0	0	0	1	0
Sphkap	Sphkap	NM_172430.3		0	2	1	2	0	0	0	0	0	0	2	1	0	0	0	0	0	0	2	0
Spta1	Spta1	NM_011465.4		0	0	0	6	0	0	0	0	0	0	6	0	0	0	0	0	0	0	0	0
St18	St18	NM_001244692.1		0	1	1	1	0	0	0	0	0	0	1	1	0	0	0	0	0	0	1	0
St18	St18	NM_001244693.1		0	1	1	1	0	0	0	0	0	0	1	1	0	0	0	0	0	0	1	0
St18	St18	NM_173868.2		0	1	1	1	0	0	0	0	0	0	1	1	0	0	0	0	0	0	1	0
St18	St18	NR_045188.1		0	0	0	3	0	0	0	0	0	0	1	0	2	0	0	0	0	0	0	0
St18	St18	NR_045189.1		0	0	0	3	0	0	0	0	0	0	1	0	2	0	0	0	0	0	0	0
Stat1	Stat1	NM_001205313.1		0	0	0	1	0	0	0	0	0	0	1	0	0	0	0	0	0	0	0	0
Stat1	Stat1	NM_001205314.1		0	0	0	1	0	0	0	0	0	0	1	0	0	0	0	0	0	0	0	0
Stat1	Stat1	NM_009283.4		0	0	0	1	0	0	0	0	0	0	1	0	0	0	0	0	0	0	0	0
Stat4	Stat4	NM_001308266.1		0	0	0	3	0	0	0	0	0	0	3	0	0	0	0	0	0	0	0	0
Stat4	Stat4	NM_011487.5		0	0	0	3	0	0	0	0	0	0	3	0	0	0	0	0	0	0	0	0
Steap3	Steap3	NM_001085409.1		0	0	0	1	0	0	0	0	0	0	1	0	0	0	0	0	0	0	0	0
Steap3	Steap3	NM_133186.3		0	0	0	1	0	0	0	0	0	0	1	0	0	0	0	0	0	0	0	0
Stk11ip	Stk11ip	NM_027886.3		0	0	1	0	0	0	0	0	0	0	0	1	0	0	0	1	0	0	0	0
Stk16	Stk16	NM_001277992.1		0	0	0	1	0	0	0	0	1	0	0	0	0	0	0	0	0	0	0	0
Stk16	Stk16	NM_011494.5		0	0	0	1	0	0	0	0	1	0	0	0	0	0	0	0	0	0	0	0
Stk16	Stk16	NR_102731.1		0	0	0	1	0	0	0	0	1	0	0	0	0	0	0	0	0	0	0	0
Stk25	Stk25	NM_021537.3		0	0	0	1	0	0	0	0	1	0	0	0	0	0	0	0	0	0	0	0
Stk36	Stk36	NM_175031.3		0	0	0	1	0	0	0	0	0	0	1	0	0	0	0	0	0	0	0	0
Stradb	Stradb	NM_172656.5		0	0	0	1	0	0	0	0	0	0	1	0	0	0	0	0	0	0	0	0
Stum	Stum	NM_001081227.2		0	0	0	1	0	0	0	0	0	0	1	0	0	0	0	0	0	0	0	0
Stx6	Stx6	NM_021433.3		0	0	0	1	0	0	0	0	1	0	0	0	0	0	0	0	0	0	0	0
Sulf1	Sulf1	NM_001198565.1		0	1	1	2	0	0	0	0	0	0	2	1	0	0	0	0	0	0	1	0
Sulf1	Sulf1	NM_001198566.1		0	1	1	2	0	0	0	0	0	0	2	1	0	0	0	0	0	0	1	0
Sulf1	Sulf1	NM_172294.1		0	1	1	2	0	0	0	0	0	0	2	1	0	0	0	0	0	0	1	0
Sumo1	Sumo1	NM_009460.2		0	0	0	1	0	0	0	0	0	0	1	0	0	0	0	0	0	0	0	0
Susd4	Susd4	NM_144796.4		0	2	1	0	0	0	0	0	0	0	1	1	0	0	0	1	0	0	1	0
Swt1	Swt1	NM_025819.4		0	0	0	1	0	0	0	0	0	0	1	0	0	0	0	0	0	0	0	0
Tatdn3	Tatdn3	NM_001163421.1		0	0	0	1	0	0	0	0	1	0	0	0	0	0	0	0	0	0	0	0
Tatdn3	Tatdn3	NM_001163422.1		0	0	0	1	0	0	0	0	1	0	0	0	0	0	0	0	0	0	0	0
Tatdn3	Tatdn3	NM_026895.1		0	0	0	1	0	0	0	0	1	0	0	0	0	0	0	0	0	0	0	0
Tbc1d8	Tbc1d8	NM_018775.4		0	0	0	1	0	0	0	0	1	0	0	0	0	0	0	0	0	0	0	0
Tbx19	Tbx19	NM_032005.4		0	0	0	1	0	0	0	0	0	0	1	0	0	0	0	0	0	0	0	0
Tcea1	Tcea1	NM_001159750.1		0	0	0	1	0	0	0	0	0	0	1	0	0	0	0	0	0	0	0	0
Tcea1	Tcea1	NM_001159751.1		0	0	0	1	0	0	0	0	0	0	1	0	0	0	0	0	0	0	0	0
Tcea1	Tcea1	NM_011541.4		0	0	0	1	0	0	0	0	0	0	1	0	0	0	0	0	0	0	0	0
Tex30	Tex30	NM_029368.1		0	0	0	1	0	0	0	0	0	0	1	0	0	0	0	0	0	0	0	0
Tex35	Tex35	NM_001305059.1		0	0	1	0	0	0	0	0	0	0	0	1	0	0	0	0	0	0	0	0
Tex35	Tex35	NM_001305061.1		0	0	1	0	0	0	0	0	0	0	0	1	0	0	0	0	0	0	0	0
Tex35	Tex35	NM_001305062.1		0	0	1	0	0	0	0	0	0	0	0	1	0	0	0	0	0	0	0	0
Tex35	Tex35	NM_001305063.1		0	0	1	0	0	0	0	0	0	0	0	1	0	0	0	0	0	0	0	0
Tex35	Tex35	NM_028540.3		0	0	1	0	0	0	0	0	0	0	0	1	0	0	0	0	0	0	0	0
Tfap2b	Tfap2b	NM_001025305.2		0	0	1	1	0	0	0	0	0	0	1	1	0	0	0	0	0	0	0	0
Tfap2b	Tfap2b	NM_001286340.1		0	0	1	1	0	0	0	0	0	0	1	1	0	0	0	0	0	0	0	0
Tfap2b	Tfap2b	NM_009334.3		0	0	1	1	0	0	0	0	0	0	1	1	0	0	0	0	0	0	0	0
Tfb2m	Tfb2m	NM_008249.4		0	0	1	0	0	0	0	0	0	0	0	1	0	0	0	0	0	0	0	0
Tfcp2l1	Tfcp2l1	NM_023755.2		0	0	1	1	0	0	0	0	0	0	1	1	0	0	0	0	0	0	0	0
Tgfb2	Tgfb2	NM_001329107.1		0	0	1	0	0	0	0	0	0	0	0	1	0	0	0	0	0	0	0	0
Tgfb2	Tgfb2	NM_009367.4		0	0	1	0	0	0	0	0	0	0	0	1	0	0	0	0	0	0	0	0
Tgfbrap1	Tgfbrap1	NM_001013025.2		0	0	1	0	0	0	0	0	0	0	0	1	0	0	0	0	0	0	0	0
Thsd7b	Thsd7b	NM_172485.3		0	0	0	6	0	0	0	0	0	0	6	0	0	0	0	0	0	0	0	0
Tmbim1	Tmbim1	NM_027154.5		0	0	0	1	0	0	0	0	1	0	0	0	0	0	0	0	0	0	0	0
Tmco1	Tmco1	NM_001039483.1		0	0	1	0	0	0	0	0	0	0	0	1	0	0	0	0	0	0	0	0
Tmeff2	Tmeff2	NM_019790.4		0	0	0	1	0	0	0	0	0	0	1	0	0	0	0	0	0	0	0	0
Tmem131	Tmem131	NM_018872.2		0	0	2	3	0	0	0	0	0	0	3	2	0	0	0	0	0	0	0	0
Tmem163	Tmem163	NM_028135.2		0	0	0	1	0	0	0	0	0	0	1	0	0	0	0	0	0	0	0	0
Tmem177	Tmem177	NM_175106.3		0	0	0	1	0	0	1	0	0	0	0	0	0	0	0	0	0	0	0	0
Tmem182	Tmem182	NM_001081198.1		0	0	0	1	0	0	0	0	0	0	1	0	0	0	0	0	0	0	0	0
Tmem185b	Tmem185b	NM_146103.2		0	0	1	0	0	0	0	0	0	0	0	1	0	0	0	0	0	0	0	0
Tmem206	Tmem206	NM_025864.3		0	0	1	0	0	0	0	0	0	0	0	1	0	0	0	0	0	0	0	0
Tmem63a	Tmem63a	NM_144794.2		0	0	1	0	0	0	0	0	0	0	0	1	0	0	0	0	0	0	0	0
Tnfrsf11a	Tnfrsf11a	NM_009399.3		0	0	1	1	0	0	0	0	0	0	1	1	0	0	0	0	0	0	0	0
Tnn	Tnn	NM_177839.3		0	0	1	1	1	0	0	0	0	0	0	1	0	0	0	0	0	0	0	0
Tnni1	Tnni1	NM_001112702.1		0	0	0	1	0	0	0	0	0	0	1	0	0	0	0	0	0	0	0	0
Tnni1	Tnni1	NM_021467.5		0	0	0	1	0	0	0	0	0	0	1	0	0	0	0	0	0	0	0	0
Tnnt2	Tnnt2	NM_001130174.2		1	0	0	1	0	0	0	0	0	0	2	0	0	1	0	0	0	0	0	0
Tnnt2	Tnnt2	NM_001130175.2		1	0	0	1	0	0	0	0	0	0	2	0	0	1	0	0	0	0	0	0
Tnnt2	Tnnt2	NM_001130176.1		1	0	0	1	0	0	0	0	0	0	2	0	0	1	0	0	0	0	0	0
Tnnt2	Tnnt2	NM_001130177.2		1	0	0	1	0	0	0	0	0	0	2	0	0	1	0	0	0	0	0	0
Tnnt2	Tnnt2	NM_001130178.2		1	0	0	1	0	0	0	0	0	0	2	0	0	1	0	0	0	0	0	0
Tnnt2	Tnnt2	NM_001130179.2		1	0	0	1	0	0	0	0	0	0	2	0	0	1	0	0	0	0	0	0
Tnnt2	Tnnt2	NM_001130180.2		1	0	0	1	0	0	0	0	0	0	2	0	0	1	0	0	0	0	0	0
Tnnt2	Tnnt2	NM_001130181.2		1	0	0	1	0	0	0	0	0	0	2	0	0	1	0	0	0	0	0	0
Tnnt2	Tnnt2	NM_011619.3		1	0	0	1	0	0	0	0	0	0	2	0	0	1	0	0	0	0	0	0
Tnr	Tnr	NM_022312.3		0	0	0	2	0	0	0	0	0	0	2	0	0	0	0	0	0	0	0	0
Tns1	Tns1	NM_001289895.1		0	1	0	0	0	0	0	0	0	0	0	0	0	0	0	0	0	0	1	0
Tns1	Tns1	NM_027884.3		0	1	0	0	0	0	0	0	0	0	0	0	0	0	0	0	0	0	1	0
Tor1aip2	Tor1aip2	NM_001160180.1		0	0	0	1	1	0	0	0	0	0	0	0	0	0	0	0	0	0	0	0
Tor1aip2	Tor1aip2	NM_001160181.1		0	0	0	1	1	0	0	0	0	0	0	0	0	0	0	0	0	0	0	0
Tor1aip2	Tor1aip2	NM_001160182.1		0	0	0	1	1	0	0	0	0	0	0	0	0	0	0	0	0	0	0	0
Tor1aip2	Tor1aip2	NM_022329.4		0	0	0	1	1	0	0	0	0	0	0	0	0	0	0	0	0	0	0	0
Tor1aip2	Tor1aip2	NM_172843.4		0	0	0	1	0	0	0	0	0	0	1	0	0	0	0	0	0	0	0	0
Tor3a	Tor3a	NM_023141.2		0	0	1	0	0	0	0	0	0	0	0	1	0	0	0	0	0	0	0	0
Tpp2	Tpp2	NM_001310540.1		0	1	0	1	0	0	0	0	0	0	1	0	0	0	0	0	0	0	1	0
Tpp2	Tpp2	NM_009418.3		0	1	0	1	0	0	0	0	0	0	1	0	0	0	0	0	0	0	1	0
Tpr	Tpr	NM_133780.3		0	1	1	0	0	0	0	0	0	0	1	1	0	0	0	1	0	0	0	0
Traf5	Traf5	NM_011633.2		0	0	1	0	0	0	0	0	0	0	0	1	0	0	0	0	0	0	0	0
Tram1	Tram1	NM_028173.5		0	0	1	0	0	0	0	0	0	0	0	1	0	0	0	0	0	0	0	0
Trove2	Trove2	NM_013835.2		0	1	0	0	0	0	0	0	0	0	0	0	0	0	0	0	0	0	1	0
Trp53bp2	Trp53bp2	NM_173378.2		0	0	0	1	0	0	0	0	0	0	1	0	0	0	0	0	0	0	0	0
Trpa1	Trpa1	NM_177781.4		0	1	1	3	0	0	0	0	0	0	3	1	0	0	0	0	0	0	1	0
Trpm8	Trpm8	NM_134252.3		0	0	0	3	0	0	0	0	0	0	1	0	0	0	0	0	0	0	0	2
Tsga10	Tsga10	NM_001290720.1		0	0	1	1	0	0	0	0	0	0	1	1	0	0	0	0	0	0	0	0
Tsga10	Tsga10	NM_001290721.1		0	0	2	0	0	0	0	0	0	0	0	2	0	0	0	0	0	0	0	0
Tsga10	Tsga10	NM_207228.3		0	0	2	0	0	0	0	0	0	0	0	2	0	0	0	0	0	0	0	0
Tsga10	Tsga10	NR_110976.1		0	0	0	1	0	0	0	0	0	0	0	0	1	0	0	0	0	0	0	0
Tsn	Tsn	NM_011650.3		0	1	0	0	0	0	0	0	0	0	0	0	0	0	0	0	0	0	1	0
Tstd1	Tstd1	NM_001164525.1		0	0	0	1	0	0	0	0	0	0	1	0	0	0	0	0	0	0	0	0
Ttll4	Ttll4	NM_001014974.1		0	0	1	0	0	0	0	0	0	0	0	1	0	0	0	0	0	0	0	0
Tuba4a	Tuba4a	NM_001313723.1		0	0	1	0	0	0	0	0	0	0	0	1	0	0	0	0	0	0	0	0
Tuba4a	Tuba4a	NM_001313724.1		0	0	1	0	0	0	0	0	0	0	0	1	0	0	0	0	0	0	0	0
Tuba4a	Tuba4a	NM_009447.4		0	0	1	0	0	0	0	0	0	0	0	1	0	0	0	0	0	0	0	0
Uap1	Uap1	NM_001305045.1		0	0	1	1	0	0	0	0	0	0	1	1	0	0	0	0	0	0	0	0
Uap1	Uap1	NM_001305046.1		0	0	1	1	0	0	0	0	0	0	1	1	0	0	0	0	0	0	0	0
Uap1	Uap1	NM_133806.5		0	0	1	1	0	0	0	0	0	0	1	1	0	0	0	0	0	0	0	0
Uggt1	Uggt1	NM_198899.2		0	1	1	1	0	0	0	0	0	0	2	1	0	0	0	1	0	0	0	0
Ugt1a1	Ugt1a1	NM_201645.2		0	0	1	10	4	0	0	0	4	0	2	1	0	0	0	1	0	0	0	0
Ugt1a10	Ugt1a10	NM_201641.2		0	0	1	11	4	0	0	0	4	0	3	1	0	0	0	1	0	0	0	0
Ugt1a2	Ugt1a2	NM_013701.3		0	0	2	10	4	0	0	0	4	0	2	2	0	0	0	1	0	0	0	0
Ugt1a5	Ugt1a5	NM_201643.2		0	0	1	11	4	0	0	0	4	0	3	1	0	0	0	1	0	0	0	0
Ugt1a6a	Ugt1a6a	NM_145079.3		0	0	1	11	4	0	0	0	4	0	3	1	0	0	0	1	0	0	0	0
Ugt1a6b	Ugt1a6b	NM_201410.3		0	0	1	8	0	0	0	0	5	0	3	1	0	0	0	1	0	0	0	0
Ugt1a7c	Ugt1a7c	NM_201642.4		0	0	1	11	4	0	0	0	4	0	3	1	0	0	0	1	0	0	0	0
Ugt1a9	Ugt1a9	NM_201644.2		0	0	1	11	4	0	0	0	4	0	3	1	0	0	0	1	0	0	0	0
Unc80	Unc80	NM_175510.3		1	2	2	3	0	0	0	0	0	0	3	2	0	0	0	0	1	0	2	0
Usf1	Usf1	NM_001305676.1		0	0	0	1	0	0	0	0	1	0	0	0	0	0	0	0	0	0	0	0
Usf1	Usf1	NM_001305677.1		0	0	0	1	0	0	0	0	1	0	0	0	0	0	0	0	0	0	0	0
Usf1	Usf1	NM_001305678.1		0	0	0	1	0	0	0	0	1	0	0	0	0	0	0	0	0	0	0	0
Usf1	Usf1	NM_009480.3		0	0	0	1	0	0	0	0	1	0	0	0	0	0	0	0	0	0	0	0
Ush2a	Ush2a	NM_021408.3		0	1	3	5	0	0	0	0	0	0	5	3	0	0	0	1	0	0	1	0
Usp37	Usp37	NM_176972.4		0	0	0	1	0	0	0	0	0	0	1	0	0	0	0	0	0	0	0	0
Utp14b	Utp14b	NM_001001981.3		0	0	1	0	0	0	0	0	0	0	0	1	0	0	0	0	0	0	0	0
Utp14b	Utp14b	NM_001136226.1		0	0	1	0	0	0	0	0	0	0	0	1	0	0	0	0	0	0	0	0
Uxs1	Uxs1	NM_026430.3		0	0	0	2	0	0	0	0	0	0	2	0	0	0	0	0	0	0	0	0
Vash2	Vash2	NM_144879.2		0	0	0	3	0	0	0	0	1	0	2	0	0	0	0	0	0	0	0	0
Vash2	Vash2	NR_027352.1		0	0	0	3	0	0	0	0	1	0	2	0	0	0	0	0	0	0	0	0
Vcpip1	Vcpip1	NM_173443.3		0	0	1	0	0	0	0	0	0	0	0	1	0	0	0	0	0	0	0	0
Vil1	Vil1	NM_009509.2		0	0	1	0	0	0	0	0	0	0	0	1	0	0	0	0	0	0	0	0
Vps4b	Vps4b	NM_009190.2		0	0	0	1	0	0	0	0	0	0	1	0	0	0	0	0	0	0	0	0
Wdr26	Wdr26	NM_145514.5		0	0	0	1	0	0	0	0	0	0	1	0	0	0	0	0	0	0	0	0
Wdr64	Wdr64	NM_029453.2		1	0	1	0	0	0	0	0	0	0	1	1	0	1	0	0	0	0	0	0
Wnt10a	Wnt10a	NM_009518.2		0	0	1	0	0	0	0	0	0	0	0	1	0	0	0	0	0	0	0	0
Xpr1	Xpr1	NM_011273.2		0	1	0	1	0	0	0	0	0	0	1	0	0	0	0	0	0	0	1	0
Xrcc5	Xrcc5	NM_009533.2		0	0	1	0	0	0	0	0	0	0	0	1	0	0	0	0	0	0	0	0
Yod1	Yod1	NM_178691.4		0	0	0	1	0	0	0	0	0	0	0	0	0	0	0	0	0	0	0	1
Zbtb18	Zbtb18	NM_001012330.1		0	0	0	2	1	0	0	0	0	0	1	0	0	0	0	0	0	0	0	0
Zbtb18	Zbtb18	NM_013915.3		0	0	0	2	1	0	0	0	0	0	0	0	0	0	0	0	0	0	0	1
Zbtb37	Zbtb37	NM_173424.3		0	0	1	1	0	0	0	0	0	0	0	1	0	0	0	0	0	0	0	1
Zbtb41	Zbtb41	NM_172643.5		0	0	1	0	0	0	0	0	0	0	0	1	0	0	0	0	0	0	0	0
Zc3h11a	Zc3h11a	NM_001276767.1		0	1	0	0	0	0	0	0	0	0	0	0	0	0	0	1	0	0	1	0
Zc3h11a	Zc3h11a	NM_144530.6		0	1	0	0	0	0	0	0	0	0	0	0	0	0	0	1	0	0	1	0
Zcchc2	Zcchc2	NM_001122675.1		0	0	0	1	0	0	0	0	0	0	1	0	0	0	0	0	0	0	0	0
Zcchc2	Zcchc2	NM_001122676.1		0	0	0	1	0	0	0	0	0	0	1	0	0	0	0	0	0	0	0	0
Zfp142	Zfp142	NM_001310668.1		0	0	0	1	0	0	0	0	0	0	0	0	0	0	0	0	0	0	0	1
Zfp142	Zfp142	NM_029888.3		0	0	0	1	0	0	0	0	0	0	0	0	0	0	0	0	0	0	0	1
Zfp451	Zfp451	NM_001290699.1		0	0	0	1	0	0	0	0	0	0	1	0	0	0	0	0	0	0	0	0
Zfp451	Zfp451	NM_133817.3		0	0	0	1	0	0	0	0	0	0	1	0	0	0	0	0	0	0	0	0
Zp3r	Zp3r	NM_009581.2		0	0	0	1	1	0	0	0	0	0	0	0	0	0	0	0	0	0	0	0
